# name: debug
# type: sparse matrix
# nnz: 14400
# rows: 120
# columns: 120

1 1 33.273380148
2 1 -0.064528973
3 1 5.264688837
4 1 0.002918066
5 1 -0.840394840
6 1 -0.011321618
7 1 -4.022308770
8 1 -0.016299111
9 1 -0.501829285
10 1 -0.000942157
11 1 0.102442887
12 1 -0.000053839
13 1 -2.600520222
14 1 0.032811225
15 1 -0.492373754
16 1 0.003217458
17 1 0.088088496
18 1 0.000920706
19 1 -2.249266043
20 1 0.028491337
21 1 -0.261719932
22 1 0.001875615
23 1 0.055520888
24 1 0.001828715
25 1 -1.597454667
26 1 -0.047983873
27 1 -0.148040473
28 1 -0.002145645
29 1 0.037938590
30 1 0.001402729
31 1 -1.298914350
32 1 0.063916135
33 1 -0.081390649
34 1 0.001857693
35 1 0.027158593
36 1 0.001525233
37 1 -0.979921602
38 1 0.057244677
39 1 -0.077996878
40 1 0.001251311
41 1 0.023692472
42 1 0.002006869
43 1 -1.287664904
44 1 -0.015919265
45 1 -0.216920860
46 1 -0.003167345
47 1 0.040748813
48 1 0.002301384
49 1 -0.472794743
50 1 0.025667499
51 1 -0.025377119
52 1 0.000883777
53 1 0.010161174
54 1 0.000746494
55 1 -0.347580934
56 1 0.000346113
57 1 -0.026555240
58 1 -0.000029768
59 1 0.006176379
60 1 0.000412968
61 1 -0.099708200
62 1 0.017554353
63 1 -0.012049165
64 1 0.000300296
65 1 0.002208426
66 1 0.000260676
67 1 -0.169216490
68 1 0.064851027
69 1 -0.015739492
70 1 0.001471198
71 1 0.004141418
72 1 0.000676292
73 1 -0.221468418
74 1 0.134400713
75 1 -0.017918398
76 1 0.003203549
77 1 0.005584602
78 1 0.001131864
79 1 -0.214641694
80 1 0.094916645
81 1 -0.022307335
82 1 0.002413999
83 1 0.005857059
84 1 0.001082079
85 1 -0.130865242
86 1 -0.050060519
87 1 -0.029113201
88 1 -0.001209725
89 1 0.003761285
90 1 0.000115597
91 1 -0.114143382
92 1 -0.086050798
93 1 -0.034664294
94 1 -0.002605934
95 1 0.003578858
96 1 0.000071730
97 1 -0.081931035
98 1 -0.113449330
99 1 -0.033516915
100 1 -0.003672848
101 1 0.002871838
102 1 -0.000266059
103 1 -0.045623469
104 1 -0.059090978
105 1 -0.018674266
106 1 -0.002390189
107 1 0.001863390
108 1 -0.000182193
109 1 -0.043597548
110 1 -0.061715585
111 1 -0.019490044
112 1 -0.002522282
113 1 0.001809833
114 1 -0.000222474
115 1 -0.027385190
116 1 -0.023725485
117 1 -0.010389798
118 1 -0.000846887
119 1 0.001005008
120 1 -0.000062769
1 2 -0.064528973
2 2 33.030092014
3 2 0.830755176
4 2 0.753836845
5 2 -0.002139330
6 2 0.159843761
7 2 0.082974086
8 2 -4.609726256
9 2 -0.070348934
10 2 -0.116859240
11 2 -0.001254222
12 2 -0.024178699
13 2 0.085442687
14 2 -2.678883910
15 2 -0.051895442
16 2 -0.082897132
17 2 -0.004028442
18 2 -0.023253256
19 2 0.085500281
20 2 -2.023730691
21 2 -0.031987623
22 2 -0.043808751
23 2 -0.002974765
24 2 -0.004255166
25 2 0.010359291
26 2 -1.466841837
27 2 -0.037745766
28 2 -0.032498894
29 2 0.000653063
30 2 -0.002175663
31 2 0.096506708
32 2 -1.226389866
33 2 -0.043015802
34 2 -0.024512812
35 2 -0.002434645
36 2 -0.000954814
37 2 0.044054988
38 2 -0.836941393
39 2 -0.061133069
40 2 -0.018365869
41 2 -0.000617938
42 2 -0.000941123
43 2 0.043614681
44 2 -1.202491742
45 2 -0.099241269
46 2 -0.027268134
47 2 0.001067160
48 2 -0.000372729
49 2 0.061046716
50 2 -0.450628054
51 2 -0.025993453
52 2 -0.009938394
53 2 -0.001741774
54 2 -0.000524208
55 2 0.003918619
56 2 -0.329268235
57 2 -0.019172991
58 2 -0.005762681
59 2 -0.000026137
60 2 -0.000456728
61 2 0.012117836
62 2 -0.115535744
63 2 -0.009818323
64 2 -0.002529155
65 2 -0.000208485
66 2 -0.000389317
67 2 0.029378080
68 2 -0.200440683
69 2 -0.018310398
70 2 -0.004811900
71 2 -0.000646040
72 2 -0.000778140
73 2 0.055895583
74 2 -0.343479232
75 2 -0.028259573
76 2 -0.008497051
77 2 -0.001275803
78 2 -0.001517623
79 2 0.033769552
80 2 -0.304304352
81 2 -0.029980931
82 2 -0.008115813
83 2 -0.000801088
84 2 -0.001452672
85 2 -0.023203326
86 2 -0.048184260
87 2 -0.008141629
88 2 -0.001395044
89 2 0.000594937
90 2 -0.000137015
91 2 -0.037072874
92 2 -0.064809482
93 2 -0.017284118
94 2 -0.002027872
95 2 0.001024737
96 2 -0.000190025
97 2 -0.077399870
98 2 -0.051512527
99 2 -0.023637875
100 2 -0.001845606
101 2 0.002378559
102 2 0.000045674
103 2 -0.058216013
104 2 -0.053125465
105 2 -0.021026590
106 2 -0.002291015
107 2 0.002340005
108 2 -0.000050085
109 2 -0.060563509
110 2 -0.052509981
111 2 -0.022310499
112 2 -0.002311467
113 2 0.002464847
114 2 -0.000029220
115 2 -0.030549661
116 2 -0.010864247
117 2 -0.009270348
118 2 -0.000410289
119 2 0.001101659
120 2 0.000061002
1 3 5.264688837
2 3 0.830755176
3 3 2.263470355
4 3 0.009309149
5 3 -0.221352780
6 3 -0.000778736
7 3 -0.474242892
8 3 -0.080883026
9 3 -0.135975796
10 3 -0.000718698
11 3 0.017836594
12 3 -0.000141751
13 3 -0.406444102
14 3 -0.059866220
15 3 -0.149703228
16 3 0.000632142
17 3 0.020213403
18 3 0.000234296
19 3 -0.232499198
20 3 -0.028486938
21 3 -0.062475975
22 3 -0.000218826
23 3 0.007249401
24 3 0.000200152
25 3 -0.135019480
26 3 -0.032803052
27 3 -0.037200787
28 3 -0.000742823
29 3 0.003706947
30 3 0.000116436
31 3 -0.071326265
32 3 -0.035985519
33 3 -0.017077758
34 3 -0.000778039
35 3 0.001506425
36 3 0.000049450
37 3 -0.064280667
38 3 -0.040467120
39 3 -0.016699242
40 3 -0.001161638
41 3 0.001795173
42 3 0.000085064
43 3 -0.113471919
44 3 -0.061031379
45 3 -0.059379872
46 3 -0.002487517
47 3 0.006224938
48 3 0.000268498
49 3 -0.022929799
50 3 -0.019937479
51 3 -0.004456610
52 3 -0.000503090
53 3 0.000382631
54 3 0.000009323
55 3 -0.022375327
56 3 -0.012161232
57 3 -0.003214518
58 3 -0.000230973
59 3 0.000423491
60 3 0.000010120
61 3 -0.009914991
62 3 -0.005043839
63 3 -0.002057006
64 3 -0.000109709
65 3 0.000219156
66 3 0.000005147
67 3 -0.015417933
68 3 -0.006006172
69 3 -0.002998451
70 3 -0.000143823
71 3 0.000375527
72 3 0.000019977
73 3 -0.020250992
74 3 -0.006641909
75 3 -0.003973302
76 3 -0.000166777
77 3 0.000511568
78 3 0.000028530
79 3 -0.020941292
80 3 -0.008519695
81 3 -0.004568057
82 3 -0.000228092
83 3 0.000569404
84 3 0.000027498
85 3 -0.016106807
86 3 -0.008910514
87 3 -0.003961597
88 3 -0.000223611
89 3 0.000447703
90 3 0.000005645
91 3 -0.015982568
92 3 -0.014639748
93 3 -0.005327100
94 3 -0.000440672
95 3 0.000482260
96 3 -0.000005756
97 3 -0.015344384
98 3 -0.016881086
99 3 -0.005674485
100 3 -0.000549635
101 3 0.000503086
102 3 -0.000027075
103 3 -0.008923336
104 3 -0.010100098
105 3 -0.003472852
106 3 -0.000415438
107 3 0.000360657
108 3 -0.000024564
109 3 -0.008867513
110 3 -0.010363593
111 3 -0.003651709
112 3 -0.000431769
113 3 0.000363647
114 3 -0.000027666
115 3 -0.005315897
116 3 -0.003642746
117 3 -0.001873670
118 3 -0.000131416
119 3 0.000193886
120 3 -0.000004100
1 4 0.002918066
2 4 0.753836845
3 4 0.009309149
4 4 0.022224703
5 4 -0.000065221
6 4 0.006094103
7 4 0.001039979
8 4 -0.107191605
9 4 -0.000330278
10 4 -0.003444533
11 4 -0.000050500
12 4 -0.000894700
13 4 0.002381825
14 4 -0.068954883
15 4 0.000660115
16 4 -0.002787409
17 4 -0.000215342
18 4 -0.000966042
19 4 0.002069700
20 4 -0.036396202
21 4 -0.000256122
22 4 -0.000899502
23 4 -0.000095207
24 4 -0.000098770
25 4 -0.000409200
26 4 -0.025480740
27 4 -0.000604927
28 4 -0.000622212
29 4 0.000028769
30 4 -0.000041122
31 4 0.001748271
32 4 -0.018773182
33 4 -0.000728535
34 4 -0.000415884
35 4 -0.000047379
36 4 -0.000014201
37 4 0.000504165
38 4 -0.013134016
39 4 -0.001174641
40 4 -0.000321036
41 4 -0.000004295
42 4 -0.000015174
43 4 0.000116607
44 4 -0.018082975
45 4 -0.002292617
46 4 -0.000465520
47 4 0.000071318
48 4 0.000007268
49 4 0.001037529
50 4 -0.006469176
51 4 -0.000428590
52 4 -0.000158405
53 4 -0.000031707
54 4 -0.000006854
55 4 0.000030389
56 4 -0.004039408
57 4 -0.000247399
58 4 -0.000073056
59 4 0.000000083
60 4 -0.000006040
61 4 0.000151905
62 4 -0.001625467
63 4 -0.000134483
64 4 -0.000036056
65 4 -0.000002600
66 4 -0.000005409
67 4 0.000415769
68 4 -0.002908226
69 4 -0.000260697
70 4 -0.000070672
71 4 -0.000009271
72 4 -0.000011243
73 4 0.000797181
74 4 -0.004977468
75 4 -0.000403651
76 4 -0.000124206
77 4 -0.000018334
78 4 -0.000021922
79 4 0.000485117
80 4 -0.004425928
81 4 -0.000429418
82 4 -0.000119118
83 4 -0.000011578
84 4 -0.000021101
85 4 -0.000326002
86 4 -0.000715740
87 4 -0.000115421
88 4 -0.000020888
89 4 0.000008485
90 4 -0.000002117
91 4 -0.000511606
92 4 -0.000956693
93 4 -0.000247641
94 4 -0.000030224
95 4 0.000014352
96 4 -0.000002965
97 4 -0.001080185
98 4 -0.000774422
99 4 -0.000337856
100 4 -0.000027969
101 4 0.000033664
102 4 0.000000321
103 4 -0.000874081
104 4 -0.000825491
105 4 -0.000319499
106 4 -0.000035598
107 4 0.000035257
108 4 -0.000000913
109 4 -0.000908846
110 4 -0.000817555
111 4 -0.000339040
112 4 -0.000035971
113 4 0.000037123
114 4 -0.000000621
115 4 -0.000446609
116 4 -0.000160389
117 4 -0.000135757
118 4 -0.000006052
119 4 0.000016107
120 4 0.000000879
1 5 -0.840394840
2 5 -0.002139330
3 5 -0.221352780
4 5 -0.000065221
5 5 0.030157752
6 5 -0.000070932
7 5 0.093145524
8 5 0.001117495
9 5 0.017136436
10 5 0.000014671
11 5 -0.003198147
12 5 0.000075121
13 5 0.070048848
14 5 -0.001955779
15 5 0.019544319
16 5 -0.000224578
17 5 -0.003309113
18 5 0.000043482
19 5 0.044699571
20 5 -0.001389880
21 5 0.006602639
22 5 -0.000081383
23 5 -0.001306336
24 5 -0.000045200
25 5 0.029261332
26 5 0.001391172
27 5 0.003127436
28 5 0.000057773
29 5 -0.000768923
30 5 -0.000026977
31 5 0.020571450
32 5 -0.001339516
33 5 0.001334893
34 5 -0.000039938
35 5 -0.000477359
36 5 -0.000029295
37 5 0.016474489
38 5 -0.000962478
39 5 0.001489300
40 5 -0.000021329
41 5 -0.000444393
42 5 -0.000039296
43 5 0.022141077
44 5 0.000867671
45 5 0.005832678
46 5 0.000106683
47 5 -0.000955131
48 5 -0.000053114
49 5 0.006697304
50 5 -0.000494746
51 5 0.000300393
52 5 -0.000017833
53 5 -0.000158073
54 5 -0.000012300
55 5 0.004313007
56 5 0.000006165
57 5 0.000349323
58 5 0.000000570
59 5 -0.000079245
60 5 -0.000005442
61 5 0.001417131
62 5 -0.000215926
63 5 0.000172281
64 5 -0.000003621
65 5 -0.000031813
66 5 -0.000003507
67 5 0.002499863
68 5 -0.000919380
69 5 0.000233300
70 5 -0.000021131
71 5 -0.000061859
72 5 -0.000009814
73 5 0.003266959
74 5 -0.001919615
75 5 0.000267242
76 5 -0.000046166
77 5 -0.000083130
78 5 -0.000016398
79 5 0.003179662
80 5 -0.001358910
81 5 0.000331785
82 5 -0.000034866
83 5 -0.000087558
84 5 -0.000015782
85 5 0.001921775
86 5 0.000668414
87 5 0.000415281
88 5 0.000016184
89 5 -0.000055739
90 5 -0.000001857
91 5 0.001675337
92 5 0.001239209
93 5 0.000502505
94 5 0.000038047
95 5 -0.000052996
96 5 -0.000001186
97 5 0.001214394
98 5 0.001632728
99 5 0.000487079
100 5 0.000053623
101 5 -0.000042866
102 5 0.000003689
103 5 0.000694923
104 5 0.000904403
105 5 0.000284943
106 5 0.000036694
107 5 -0.000028451
108 5 0.000002767
109 5 0.000663961
110 5 0.000943938
111 5 0.000297355
112 5 0.000038699
113 5 -0.000027630
114 5 0.000003378
115 5 0.000405727
116 5 0.000349762
117 5 0.000153671
118 5 0.000012487
119 5 -0.000014888
120 5 0.000000915
1 6 -0.011321618
2 6 0.159843761
3 6 -0.000778736
4 6 0.006094103
5 6 -0.000070932
6 6 0.002957650
7 6 0.000692851
8 6 -0.019916159
9 6 -0.000016624
10 6 -0.000801101
11 6 0.000040085
12 6 -0.000287595
13 6 0.001329584
14 6 -0.014573173
15 6 0.000183976
16 6 -0.000719381
17 6 0.000012344
18 6 -0.000329394
19 6 0.001176566
20 6 -0.003190170
21 6 0.000109728
22 6 -0.000087369
23 6 -0.000035303
24 6 -0.000025784
25 6 0.000911724
26 6 -0.001707316
27 6 0.000071942
28 6 -0.000041142
29 6 -0.000022641
30 6 -0.000010374
31 6 0.000903487
32 6 -0.000734600
33 6 0.000018750
34 6 -0.000013793
35 6 -0.000022850
36 6 -0.000004080
37 6 0.000951487
38 6 -0.000672425
39 6 0.000025642
40 6 -0.000015474
41 6 -0.000026880
42 6 -0.000004803
43 6 0.000963739
44 6 -0.000558571
45 6 0.000168412
46 6 -0.000002726
47 6 -0.000039466
48 6 0.000000235
49 6 0.000379849
50 6 -0.000326742
51 6 0.000004244
52 6 -0.000006454
53 6 -0.000009413
54 6 -0.000001535
55 6 0.000183651
56 6 -0.000263346
57 6 -0.000000111
58 6 -0.000004979
59 6 -0.000003490
60 6 -0.000000835
61 6 0.000102316
62 6 -0.000195832
63 6 -0.000005165
64 6 -0.000004159
65 6 -0.000002057
66 6 -0.000000855
67 6 0.000201962
68 6 -0.000375424
69 6 -0.000014413
70 6 -0.000008864
71 6 -0.000004732
72 6 -0.000001888
73 6 0.000296126
74 6 -0.000692917
75 6 -0.000030384
76 6 -0.000016938
77 6 -0.000007138
78 6 -0.000003616
79 6 0.000249764
80 6 -0.000585051
81 6 -0.000028902
82 6 -0.000015402
83 6 -0.000006496
84 6 -0.000003430
85 6 0.000064459
86 6 -0.000014995
87 6 0.000013168
88 6 -0.000000682
89 6 -0.000001831
90 6 -0.000000246
91 6 0.000058079
92 6 -0.000010086
93 6 0.000008769
94 6 -0.000000407
95 6 -0.000002037
96 6 -0.000000363
97 6 -0.000043128
98 6 0.000041989
99 6 -0.000002972
100 6 0.000001074
101 6 0.000000960
102 6 0.000000392
103 6 -0.000053431
104 6 -0.000022076
105 6 -0.000015858
106 6 -0.000001085
107 6 0.000002065
108 6 0.000000142
109 6 -0.000059512
110 6 -0.000018174
111 6 -0.000017140
112 6 -0.000000972
113 6 0.000002331
114 6 0.000000222
115 6 -0.000030918
116 6 0.000001487
117 6 -0.000007526
118 6 0.000000012
119 6 0.000001099
120 6 0.000000167
1 7 -4.022308770
2 7 0.082974086
3 7 -0.474242892
4 7 0.001039979
5 7 0.093145524
6 7 0.000692851
7 7 31.561218896
8 7 -0.181079333
9 7 3.615555263
10 7 -0.000646429
11 7 -0.688519993
12 7 -0.012271751
13 7 -3.422312270
14 7 -0.020954216
15 7 -0.630014890
16 7 -0.004838246
17 7 0.113078113
18 7 -0.004428857
19 7 -2.807615686
20 7 0.038924610
21 7 -0.359022693
22 7 0.000857739
23 7 0.068444145
24 7 0.001873345
25 7 -2.263449660
26 7 0.022322203
27 7 -0.247845558
28 7 -0.000478173
29 7 0.051482812
30 7 0.002294960
31 7 -1.727221025
32 7 0.071150298
33 7 -0.123071566
34 7 0.001762587
35 7 0.034138498
36 7 0.001888751
37 7 -1.402750300
38 7 0.077024613
39 7 -0.123504826
40 7 0.001568690
41 7 0.030828983
42 7 0.002707634
43 7 -1.632962380
44 7 0.012486325
45 7 -0.247724710
46 7 -0.002569769
47 7 0.048842558
48 7 0.003128968
49 7 -0.571147877
50 7 0.033251970
51 7 -0.036208817
52 7 0.001004588
53 7 0.011869350
54 7 0.000876866
55 7 -0.574591200
56 7 -0.005118670
57 7 -0.070898351
58 7 -0.000213713
59 7 0.009868881
60 7 0.000832956
61 7 -0.180004853
62 7 0.021204242
63 7 -0.025156662
64 7 0.000352644
65 7 0.003434849
66 7 0.000356984
67 7 -0.176335911
68 7 0.068696220
69 7 -0.016360737
70 7 0.001566615
71 7 0.004318099
72 7 0.000707631
73 7 -0.231035850
74 7 0.141620879
75 7 -0.018685505
76 7 0.003387488
77 7 0.005828487
78 7 0.001185030
79 7 -0.224373887
80 7 0.101105032
81 7 -0.023203315
82 7 0.002580575
83 7 0.006122737
84 7 0.001138602
85 7 -0.137328672
86 7 -0.049836025
87 7 -0.030061542
88 7 -0.001215605
89 7 0.003940136
90 7 0.000133304
91 7 -0.120880279
92 7 -0.084964868
93 7 -0.035716110
94 7 -0.002586458
95 7 0.003778552
96 7 0.000106521
97 7 -0.088399814
98 7 -0.112828250
99 7 -0.034635149
100 7 -0.003668876
101 7 0.003077011
102 7 -0.000233332
103 7 -0.048806397
104 7 -0.059415634
105 7 -0.019343225
106 7 -0.002405326
107 7 0.001992130
108 7 -0.000165245
109 7 -0.046759096
110 7 -0.062109559
111 7 -0.020190782
112 7 -0.002540496
113 7 0.001939370
114 7 -0.000205214
115 7 -0.028748361
116 7 -0.023964397
117 7 -0.010766896
118 7 -0.000856773
119 7 0.001053859
120 7 -0.000057982
1 8 -0.016299111
2 8 -4.609726256
3 8 -0.080883026
4 8 -0.107191605
5 8 0.001117495
6 8 -0.019916159
7 8 -0.181079333
8 8 32.491112985
9 8 1.044546912
10 8 0.702378448
11 8 0.000826772
12 8 0.122569328
13 8 0.000152684
14 8 -4.118443680
15 8 -0.094507087
16 8 -0.141351035
17 8 0.004066395
18 8 -0.048739494
19 8 0.058895655
20 8 -2.787319370
21 8 -0.071660228
22 8 -0.064432316
23 8 -0.001374903
24 8 -0.009805916
25 8 0.045484494
26 8 -2.185993682
27 8 -0.081864864
28 8 -0.047250973
29 8 -0.000164768
30 8 -0.004980948
31 8 0.070232997
32 8 -1.668473371
33 8 -0.071643403
34 8 -0.031863681
35 8 -0.001655758
36 8 -0.001743800
37 8 0.022245614
38 8 -1.282034463
39 8 -0.098792512
40 8 -0.026368359
41 8 0.000017924
42 8 -0.001873970
43 8 -0.011161224
44 8 -1.526317886
45 8 -0.119368527
46 8 -0.034394221
47 8 0.002899237
48 8 -0.001865804
49 8 0.042694596
50 8 -0.542697477
51 8 -0.032356387
52 8 -0.011618425
53 8 -0.001201535
54 8 -0.000607323
55 8 -0.027102547
56 8 -0.525186616
57 8 -0.049256106
58 8 -0.008905563
59 8 0.000576656
60 8 -0.000958134
61 8 0.009810767
62 8 -0.197024096
63 8 -0.015998723
64 8 -0.003735371
65 8 -0.000146385
66 8 -0.000584715
67 8 0.026230102
68 8 -0.202361734
69 8 -0.018971194
70 8 -0.004862355
71 8 -0.000567683
72 8 -0.000776459
73 8 0.051793278
74 8 -0.343826794
75 8 -0.028959593
76 8 -0.008509499
77 8 -0.001170300
78 8 -0.001508607
79 8 0.030578653
80 8 -0.308025355
81 8 -0.030924886
82 8 -0.008219227
83 8 -0.000709268
84 8 -0.001459056
85 8 -0.023405735
86 8 -0.061979662
87 8 -0.009522594
88 8 -0.001780895
89 8 0.000608998
90 8 -0.000195829
91 8 -0.037022585
92 8 -0.075459121
93 8 -0.018946368
94 8 -0.002335265
95 8 0.001040706
96 8 -0.000244590
97 8 -0.075633645
98 8 -0.063760220
99 8 -0.025202426
100 8 -0.002226586
101 8 0.002346026
102 8 -0.000032856
103 8 -0.057736943
104 8 -0.060133446
105 8 -0.022036728
106 8 -0.002568171
107 8 0.002328168
108 8 -0.000106147
109 8 -0.059946359
110 8 -0.059684923
111 8 -0.023369779
112 8 -0.002598232
113 8 0.002448101
114 8 -0.000090154
115 8 -0.030493159
116 8 -0.013803814
117 8 -0.009693284
118 8 -0.000510911
119 8 0.001103317
120 8 0.000036036
1 9 -0.501829285
2 9 -0.070348934
3 9 -0.135975796
4 9 -0.000330278
5 9 0.017136436
6 9 -0.000016624
7 9 3.615555263
8 9 1.044546912
9 9 0.985365438
10 9 0.012196728
11 9 -0.115866222
12 9 -0.000180342
13 9 -0.574356898
14 9 -0.105026008
15 9 -0.210160657
16 9 -0.000195259
17 9 0.028231017
18 9 -0.000460214
19 9 -0.330552620
20 9 -0.062437477
21 9 -0.090525811
22 9 -0.001010394
23 9 0.009828504
24 9 0.000077283
25 9 -0.224231190
26 9 -0.063219639
27 9 -0.063045866
28 9 -0.001300738
29 9 0.005732011
30 9 0.000126954
31 9 -0.107470325
32 9 -0.062814780
33 9 -0.026105965
34 9 -0.001236168
35 9 0.002070813
36 9 0.000035286
37 9 -0.103399553
38 9 -0.068548285
39 9 -0.026879927
40 9 -0.001696163
41 9 0.002458552
42 9 0.000086096
43 9 -0.141018657
44 9 -0.075836795
45 9 -0.070877862
46 9 -0.002991524
47 9 0.007520401
48 9 0.000284579
49 9 -0.032485530
50 9 -0.024840060
51 9 -0.006254284
52 9 -0.000608765
53 9 0.000519982
54 9 0.000012075
55 9 -0.058257754
56 9 -0.031265017
57 9 -0.013202622
58 9 -0.000560769
59 9 0.001020704
60 9 0.000026543
61 9 -0.019957842
62 9 -0.008745199
63 9 -0.004022251
64 9 -0.000167317
65 9 0.000372437
66 9 0.000006685
67 9 -0.016092540
68 9 -0.006519276
69 9 -0.003171542
70 9 -0.000155553
71 9 0.000392116
72 9 0.000019914
73 9 -0.021190161
74 9 -0.007221385
75 9 -0.004208536
76 9 -0.000180379
77 9 0.000535517
78 9 0.000028677
79 9 -0.021922320
80 9 -0.009240390
81 9 -0.004837471
82 9 -0.000246704
83 9 0.000596224
84 9 0.000027339
85 9 -0.016861831
86 9 -0.009775780
87 9 -0.004184205
88 9 -0.000247543
89 9 0.000468390
90 9 0.000004069
91 9 -0.016827598
92 9 -0.015575816
93 9 -0.005633762
94 9 -0.000468972
95 9 0.000507750
96 9 -0.000006980
97 9 -0.016208282
98 9 -0.017930451
99 9 -0.006007863
100 9 -0.000584076
101 9 0.000531336
102 9 -0.000029273
103 9 -0.009433465
104 9 -0.010804259
105 9 -0.003690040
106 9 -0.000444173
107 9 0.000381515
108 9 -0.000026895
109 9 -0.009376053
110 9 -0.011084258
111 9 -0.003880522
112 9 -0.000461552
113 9 0.000384769
114 9 -0.000030215
115 9 -0.005603839
116 9 -0.003910896
117 9 -0.001985692
118 9 -0.000140961
119 9 0.000204476
120 9 -0.000004917
1 10 -0.000942157
2 10 -0.116859240
3 10 -0.000718698
4 10 -0.003444533
5 10 0.000014671
6 10 -0.000801101
7 10 -0.000646429
8 10 0.702378448
9 10 0.012196728
10 10 0.020393168
11 10 0.000109725
12 10 0.004970206
13 10 -0.003880502
14 10 -0.128544477
15 10 0.000396329
16 10 -0.005942952
17 10 0.000245319
18 10 -0.002475112
19 10 0.001104512
20 10 -0.056411802
21 10 -0.001026929
22 10 -0.001531566
23 10 -0.000043320
24 10 -0.000271332
25 10 0.000239782
26 10 -0.039413858
27 10 -0.001371550
28 10 -0.000946682
29 10 0.000012979
30 10 -0.000102029
31 10 0.001265918
32 10 -0.025898295
33 10 -0.001162940
34 10 -0.000550939
35 10 -0.000033541
36 10 -0.000027028
37 10 0.000074559
38 10 -0.020161514
39 10 -0.001800494
40 10 -0.000466478
41 10 0.000008738
42 10 -0.000031426
43 10 -0.001031165
44 10 -0.024021740
45 10 -0.002908094
46 10 -0.000633268
47 10 0.000124635
48 10 -0.000037403
49 10 0.000757428
50 10 -0.007984531
51 10 -0.000537949
52 10 -0.000191821
53 10 -0.000022908
54 10 -0.000007445
55 10 -0.000392306
56 10 -0.006553281
57 10 -0.000634547
58 10 -0.000114157
59 10 0.000008261
60 10 -0.000012276
61 10 0.000120287
62 10 -0.002605527
63 10 -0.000210885
64 10 -0.000051211
65 10 -0.000001774
66 10 -0.000007811
67 10 0.000385053
68 10 -0.003070665
69 10 -0.000282533
70 10 -0.000074721
71 10 -0.000008452
72 10 -0.000011727
73 10 0.000768382
74 10 -0.005208329
75 10 -0.000432594
76 10 -0.000130071
77 10 -0.000017490
78 10 -0.000022771
79 10 0.000455866
80 10 -0.004684022
81 10 -0.000463285
82 10 -0.000126177
83 10 -0.000010627
84 10 -0.000022149
85 10 -0.000345027
86 10 -0.000957969
87 10 -0.000140915
88 10 -0.000027786
89 10 0.000009115
90 10 -0.000003107
91 10 -0.000536260
92 10 -0.001158016
93 10 -0.000283756
94 10 -0.000036235
95 10 0.000015313
96 10 -0.000003905
97 10 -0.001104977
98 10 -0.000991662
99 10 -0.000376674
100 10 -0.000035006
101 10 0.000034779
102 10 -0.000000832
103 10 -0.000907683
104 10 -0.000976456
105 10 -0.000350760
106 10 -0.000041726
107 10 0.000036737
108 10 -0.000001848
109 10 -0.000941853
110 10 -0.000970852
111 10 -0.000372010
112 10 -0.000042272
113 10 0.000038610
114 10 -0.000001620
115 10 -0.000466273
116 10 -0.000212434
117 10 -0.000148423
118 10 -0.000007859
119 10 0.000016873
120 10 0.000000540
1 11 0.102442887
2 11 -0.001254222
3 11 0.017836594
4 11 -0.000050500
5 11 -0.003198147
6 11 0.000040085
7 11 -0.688519993
8 11 0.000826772
9 11 -0.115866222
10 11 0.000109725
11 11 0.020933165
12 11 -0.000227381
13 11 0.100910374
14 11 0.005036502
15 11 0.027848242
16 11 0.000310542
17 11 -0.004886541
18 11 0.000451532
19 11 0.059224436
20 11 -0.000776049
21 11 0.009300149
22 11 -0.000029796
23 11 -0.001726509
24 11 -0.000034042
25 11 0.042483647
26 11 0.000122925
27 11 0.005219278
28 11 0.000025579
29 11 -0.001078280
30 11 -0.000044228
31 11 0.027537626
32 11 -0.001380463
33 11 0.001959704
34 11 -0.000037969
35 11 -0.000607972
36 11 -0.000035288
37 11 0.023158134
38 11 -0.001279377
39 11 0.002193342
40 11 -0.000027787
41 11 -0.000576774
42 11 -0.000052770
43 11 0.028949401
44 11 0.000481520
45 11 0.007133507
46 11 0.000107655
47 11 -0.001202557
48 11 -0.000078033
49 11 0.008259434
50 11 -0.000619624
51 11 0.000429529
52 11 -0.000020591
53 11 -0.000190369
54 11 -0.000014932
55 11 0.007248604
56 11 0.000110094
57 11 0.000913372
58 11 0.000003429
59 11 -0.000127787
60 11 -0.000010786
61 11 0.002392826
62 11 -0.000265984
63 11 0.000328413
64 11 -0.000004411
65 11 -0.000047321
66 11 -0.000004761
67 11 0.002724631
68 11 -0.001020089
69 11 0.000253452
70 11 -0.000023583
71 11 -0.000067488
72 11 -0.000010741
73 11 0.003563738
74 11 -0.002116854
75 11 0.000291157
76 11 -0.000051107
77 11 -0.000090755
78 11 -0.000017953
79 11 0.003475327
80 11 -0.001514709
81 11 0.000360666
82 11 -0.000039019
83 11 -0.000095739
84 11 -0.000017362
85 11 0.002105862
86 11 0.000696035
87 11 0.000448054
88 11 0.000017031
89 11 -0.000061007
90 11 -0.000002193
91 11 0.001851697
92 11 0.001280785
93 11 0.000541013
94 11 0.000039542
95 11 -0.000058437
96 11 -0.000001756
97 11 0.001365548
98 11 0.001699182
99 11 0.000525857
100 11 0.000056073
101 11 -0.000047921
102 11 0.000003375
103 11 0.000778017
104 11 0.000952473
105 11 0.000308940
106 11 0.000038681
107 11 -0.000031837
108 11 0.000002627
109 11 0.000745254
110 11 0.000994926
111 11 0.000322437
112 11 0.000040829
113 11 -0.000030989
114 11 0.000003263
115 11 0.000444992
116 11 0.000369500
117 11 0.000166445
118 11 0.000013212
119 11 -0.000016311
120 11 0.000000885
1 12 -0.000053839
2 12 -0.024178699
3 12 -0.000141751
4 12 -0.000894700
5 12 0.000075121
6 12 -0.000287595
7 12 -0.012271751
8 12 0.122569328
9 12 -0.000180342
10 12 0.004970206
11 12 -0.000227381
12 12 0.001876900
13 12 -0.001947881
14 12 -0.037472274
15 12 -0.000105138
16 12 -0.002075734
17 12 0.000313829
18 12 -0.001035083
19 12 0.001511263
20 12 -0.007555701
21 12 0.000040344
22 12 -0.000236747
23 12 -0.000032562
24 12 -0.000074958
25 12 0.001537551
26 12 -0.003788159
27 12 0.000054410
28 12 -0.000092491
29 12 -0.000035006
30 12 -0.000027601
31 12 0.001284525
32 12 -0.001306737
33 12 0.000021066
34 12 -0.000023946
35 12 -0.000029390
36 12 -0.000007162
37 12 0.001429392
38 12 -0.001299571
39 12 0.000025314
40 12 -0.000028355
41 12 -0.000036949
42 12 -0.000008840
43 12 0.001368153
44 12 -0.001031817
45 12 0.000210680
46 12 -0.000022338
47 12 -0.000055626
48 12 -0.000015825
49 12 0.000465711
50 12 -0.000421723
51 12 0.000005657
52 12 -0.000007525
53 12 -0.000011367
54 12 -0.000001977
55 12 0.000385486
56 12 -0.000592393
57 12 -0.000003944
58 12 -0.000010215
59 12 -0.000006737
60 12 -0.000002310
61 12 0.000149183
62 12 -0.000319632
63 12 -0.000006644
64 12 -0.000006044
65 12 -0.000002787
66 12 -0.000001226
67 12 0.000221626
68 12 -0.000400330
69 12 -0.000014451
70 12 -0.000009461
71 12 -0.000005200
72 12 -0.000002032
73 12 0.000323660
74 12 -0.000736947
75 12 -0.000030985
76 12 -0.000018024
77 12 -0.000007812
78 12 -0.000003873
79 12 0.000276515
80 12 -0.000626602
81 12 -0.000029455
82 12 -0.000016501
83 12 -0.000007196
84 12 -0.000003704
85 12 0.000078978
86 12 -0.000035098
87 12 0.000013844
88 12 -0.000001248
89 12 -0.000002212
90 12 -0.000000374
91 12 0.000075966
92 12 -0.000023874
93 12 0.000009868
94 12 -0.000000784
95 12 -0.000002563
96 12 -0.000000516
97 12 -0.000028785
98 12 0.000029926
99 12 -0.000002166
100 12 0.000000723
101 12 0.000000512
102 12 0.000000253
103 12 -0.000048552
104 12 -0.000030386
105 12 -0.000016271
106 12 -0.000001409
107 12 0.000001872
108 12 0.000000047
109 12 -0.000054819
110 12 -0.000026353
111 12 -0.000017602
112 12 -0.000001295
113 12 0.000002144
114 12 0.000000125
115 12 -0.000029377
116 12 -0.000002467
117 12 -0.000007728
118 12 -0.000000121
119 12 0.000001049
120 12 0.000000126
1 13 -2.600520222
2 13 0.085442687
3 13 -0.406444102
4 13 0.002381825
5 13 0.070048848
6 13 0.001329584
7 13 -3.422312270
8 13 0.000152684
9 13 -0.574356898
10 13 -0.003880502
11 13 0.100910374
12 13 -0.001947881
13 13 26.160344525
14 13 -0.355015644
15 13 3.295405949
16 13 -0.017199579
17 13 -0.601049854
18 13 -0.021219195
19 13 -2.921377698
20 13 0.002415847
21 13 -0.377283352
22 13 -0.001086865
23 13 0.068592553
24 13 0.002491983
25 13 -1.907087568
26 13 0.055292304
27 13 -0.196481276
28 13 0.000778824
29 13 0.039075100
30 13 0.003032752
31 13 -1.736215297
32 13 0.014765949
33 13 -0.087453737
34 13 -0.000037702
35 13 0.032962285
36 13 0.002079158
37 13 -1.398896738
38 13 0.065595529
39 13 -0.068727824
40 13 0.001475645
41 13 0.027990960
42 13 0.002304637
43 13 -1.799573733
44 13 0.039319125
45 13 -0.247592937
46 13 -0.001513872
47 13 0.056385920
48 13 0.004032588
49 13 -0.765553320
50 13 0.072703481
51 13 -0.009940542
52 13 0.002649793
53 13 0.020013591
54 13 0.001069829
55 13 -0.493806432
56 13 -0.003534933
57 13 -0.067135784
58 13 -0.000232566
59 13 0.008996424
60 13 0.000855027
61 13 -0.184327429
62 13 0.018900094
63 13 -0.023092068
64 13 0.000422896
65 13 0.003889584
66 13 0.000355874
67 13 -0.110184995
68 13 0.029499375
69 13 -0.009383504
70 13 0.000766993
71 13 0.002965858
72 13 0.000345539
73 13 -0.165424497
74 13 0.090666544
75 13 -0.013046405
76 13 0.002323569
77 13 0.004457152
78 13 0.000754605
79 13 -0.226345928
80 13 0.069009216
81 13 -0.034376747
82 13 0.001860364
83 13 0.006689904
84 13 0.000829045
85 13 -0.211058840
86 13 -0.048820845
87 13 -0.048334854
88 13 -0.001580798
89 13 0.006683008
90 13 0.000259661
91 13 -0.111413257
92 13 -0.012974393
93 13 -0.034425184
94 13 -0.000442313
95 13 0.003788894
96 13 0.000171787
97 13 -0.112695835
98 13 -0.023962153
99 13 -0.039336755
100 13 -0.000832360
101 13 0.004259762
102 13 0.000057741
103 13 -0.117627660
104 13 -0.026167057
105 13 -0.045559739
106 13 -0.001002070
107 13 0.004999700
108 13 0.000037255
109 13 -0.042724468
110 13 -0.057465707
111 13 -0.017995768
112 13 -0.002351376
113 13 0.001742436
114 13 -0.000177364
115 13 -0.030831813
116 13 -0.023781330
117 13 -0.011261731
118 13 -0.000853103
119 13 0.001127837
120 13 -0.000046062
1 14 0.032811225
2 14 -2.678883910
3 14 -0.059866220
4 14 -0.068954883
5 14 -0.001955779
6 14 -0.014573173
7 14 -0.020954216
8 14 -4.118443680
9 14 -0.105026008
10 14 -0.128544477
11 14 0.005036502
12 14 -0.037472274
13 14 -0.355015644
14 14 25.857342197
15 14 1.094242004
16 14 0.537857804
17 14 0.018144600
18 14 0.088142286
19 14 0.006114597
20 14 -3.629973702
21 14 -0.141714848
22 14 -0.089076326
23 14 0.001544450
24 14 -0.016282641
25 14 0.021280872
26 14 -2.204025368
27 14 -0.117558575
28 14 -0.044900859
29 14 0.000366738
30 14 -0.005057576
31 14 0.027978744
32 14 -1.953395591
33 14 -0.093649869
34 14 -0.038199566
35 14 -0.000334965
36 14 -0.000937342
37 14 0.006362265
38 14 -1.507575639
39 14 -0.089161061
40 14 -0.030044518
41 14 0.000235049
42 14 -0.001310482
43 14 0.030284169
44 14 -1.607191975
45 14 -0.124418940
46 14 -0.038139927
47 14 0.001124067
48 14 -0.004621948
49 14 0.102399439
50 14 -0.480351210
51 14 -0.034236682
52 14 -0.008153292
53 14 -0.003820202
54 14 -0.002448563
55 14 -0.020264883
56 14 -0.460872297
57 14 -0.048898560
58 14 -0.008258620
59 14 0.000453853
60 14 -0.001012509
61 14 0.003541566
62 14 -0.182142939
63 14 -0.013494859
64 14 -0.003765570
65 14 -0.000054323
66 14 -0.000497076
67 14 0.003866453
68 14 -0.111266222
69 14 -0.009051585
70 14 -0.002988442
71 14 -0.000075017
72 14 -0.000359894
73 14 0.027310477
74 14 -0.226675580
75 14 -0.016429114
76 14 -0.005965425
77 14 -0.000615322
78 14 -0.000956827
79 14 0.033825806
80 14 -0.413727060
81 14 -0.020414612
82 14 -0.011738162
83 14 -0.000823070
84 14 -0.002678857
85 14 -0.011437189
86 14 -0.146242986
87 14 -0.013376588
88 14 -0.004550723
89 14 0.000419439
90 14 -0.000750233
91 14 -0.007739550
92 14 -0.041705046
93 14 -0.005107922
94 14 -0.001303219
95 14 0.000268793
96 14 -0.000336610
97 14 -0.027825279
98 14 0.015072317
99 14 -0.007912894
100 14 0.000530330
101 14 0.000978106
102 14 0.000339562
103 14 -0.039081265
104 14 0.048040424
105 14 -0.010443522
106 14 0.001837007
107 14 0.001471013
108 14 0.000999189
109 14 -0.047137079
110 14 -0.087881360
111 14 -0.024355049
112 14 -0.003808800
113 14 0.001934174
114 14 -0.000313859
115 14 -0.027795952
116 14 -0.018987302
117 14 -0.009788188
118 14 -0.000685098
119 14 0.001013722
120 14 -0.000020933
1 15 -0.492373754
2 15 -0.051895442
3 15 -0.149703228
4 15 0.000660115
5 15 0.019544319
6 15 0.000183976
7 15 -0.630014890
8 15 -0.094507087
9 15 -0.210160657
10 15 0.000396329
11 15 0.027848242
12 15 -0.000105138
13 15 3.295405949
14 15 1.094242004
15 15 1.084723240
16 15 0.009841884
17 15 -0.122411755
18 15 -0.000945022
19 15 -0.354913472
20 15 -0.120840190
21 15 -0.103729409
22 15 -0.002374433
23 15 0.010484720
24 15 -0.000008458
25 15 -0.179855704
26 15 -0.090753313
27 15 -0.057627916
28 15 -0.002130315
29 15 0.004238854
30 15 0.000075084
31 15 -0.075600425
32 15 -0.084532825
33 15 -0.025145369
34 15 -0.001872331
35 15 0.000834863
36 15 0.000012139
37 15 -0.062542848
38 15 -0.067484516
39 15 -0.022370539
40 15 -0.001645468
41 15 0.000736156
42 15 0.000002592
43 15 -0.137759077
44 15 -0.078099594
45 15 -0.087050859
46 15 -0.003359376
47 15 0.008014019
48 15 0.000207116
49 15 -0.016612614
50 15 -0.020940589
51 15 -0.012417345
52 15 -0.000534973
53 15 -0.000341592
54 15 -0.000110218
55 15 -0.053224272
56 15 -0.032212730
57 15 -0.012762826
58 15 -0.000598871
59 15 0.000963954
60 15 0.000018624
61 15 -0.018291331
62 15 -0.007277405
63 15 -0.003172705
64 15 -0.000151569
65 15 0.000367545
66 15 0.000008465
67 15 -0.008972375
68 15 -0.003321807
69 15 -0.001328839
70 15 -0.000091592
71 15 0.000243251
72 15 0.000010016
73 15 -0.014142601
74 15 -0.003956838
75 15 -0.002335923
76 15 -0.000111207
77 15 0.000384309
78 15 0.000019045
79 15 -0.025410424
80 15 -0.009338412
81 15 -0.006087774
82 15 -0.000277203
83 15 0.000761760
84 15 -0.000004576
85 15 -0.026157464
86 15 -0.010916053
87 15 -0.007070362
88 15 -0.000346197
89 15 0.000829869
90 15 0.000001795
91 15 -0.018331284
92 15 -0.003195163
93 15 -0.005907619
94 15 -0.000104952
95 15 0.000629794
96 15 0.000016691
97 15 -0.019943869
98 15 -0.003096790
99 15 -0.006929841
100 15 -0.000108702
101 15 0.000755681
102 15 0.000019996
103 15 -0.021894590
104 15 -0.002996957
105 15 -0.008302537
106 15 -0.000116778
107 15 0.000926618
108 15 0.000032759
109 15 -0.007967262
110 15 -0.012100417
111 15 -0.003644959
112 15 -0.000505717
113 15 0.000323024
114 15 -0.000040950
115 15 -0.005723086
116 15 -0.004248939
117 15 -0.002065837
118 15 -0.000152689
119 15 0.000209146
120 15 -0.000007161
1 16 0.003217458
2 16 -0.082897132
3 16 0.000632142
4 16 -0.002787409
5 16 -0.000224578
6 16 -0.000719381
7 16 -0.004838246
8 16 -0.141351035
9 16 -0.000195259
10 16 -0.005942952
11 16 0.000310542
12 16 -0.002075734
13 16 -0.017199579
14 16 0.537857804
15 16 0.009841884
16 16 0.015345554
17 16 0.001673775
18 16 0.003532075
19 16 -0.001210337
20 16 -0.082403358
21 16 -0.002730173
22 16 -0.002482641
23 16 0.000080072
24 16 -0.000539886
25 16 -0.000185703
26 16 -0.039807969
27 16 -0.002348124
28 16 -0.000901913
29 16 0.000022035
30 16 -0.000105832
31 16 0.000293792
32 16 -0.032407269
33 16 -0.001750440
34 16 -0.000706719
35 16 -0.000003332
36 16 0.000000101
37 16 -0.000098936
38 16 -0.024291015
39 16 -0.001631097
40 16 -0.000540770
41 16 0.000010018
42 16 -0.000010773
43 16 0.000070301
44 16 -0.027566234
45 16 -0.003384383
46 16 -0.000795148
47 16 0.000092111
48 16 -0.000133327
49 16 0.002382864
50 16 -0.006422918
51 16 -0.000644605
52 16 -0.000099995
53 16 -0.000092648
54 16 -0.000052573
55 16 -0.000310437
56 16 -0.006183353
57 16 -0.000667049
58 16 -0.000115332
59 16 0.000006816
60 16 -0.000013866
61 16 0.000047778
62 16 -0.002643806
63 16 -0.000198995
64 16 -0.000057513
65 16 -0.000000736
66 16 -0.000007329
67 16 0.000058015
68 16 -0.001898082
69 16 -0.000155384
70 16 -0.000050982
71 16 -0.000001065
72 16 -0.000006118
73 16 0.000421574
74 16 -0.003726416
75 16 -0.000273096
76 16 -0.000098328
77 16 -0.000009426
78 16 -0.000015562
79 16 0.000530406
80 16 -0.006851196
81 16 -0.000341228
82 16 -0.000194662
83 16 -0.000012812
84 16 -0.000044228
85 16 -0.000209652
86 16 -0.002471841
87 16 -0.000229576
88 16 -0.000077006
89 16 0.000007595
90 16 -0.000012573
91 16 -0.000133058
92 16 -0.000679402
93 16 -0.000084614
94 16 -0.000021250
95 16 0.000004614
96 16 -0.000005503
97 16 -0.000455448
98 16 0.000256079
99 16 -0.000129945
100 16 0.000009004
101 16 0.000016046
102 16 0.000005640
103 16 -0.000632302
104 16 0.000807975
105 16 -0.000169064
106 16 0.000030892
107 16 0.000023846
108 16 0.000016582
109 16 -0.000767901
110 16 -0.001491947
111 16 -0.000405524
112 16 -0.000064737
113 16 0.000031657
114 16 -0.000005454
115 16 -0.000443115
116 16 -0.000303050
117 16 -0.000156094
118 16 -0.000010934
119 16 0.000016161
120 16 -0.000000337
1 17 0.088088496
2 17 -0.004028442
3 17 0.020213403
4 17 -0.000215342
5 17 -0.003309113
6 17 0.000012344
7 17 0.113078113
8 17 0.004066395
9 17 0.028231017
10 17 0.000245319
11 17 -0.004886541
12 17 0.000313829
13 17 -0.601049854
14 17 0.018144600
15 17 -0.122411755
16 17 0.001673775
17 17 0.021606511
18 17 0.000303976
19 17 0.063307135
20 17 0.000947965
21 17 0.010307890
22 17 0.000055583
23 17 -0.001889585
24 17 -0.000036681
25 17 0.034447534
26 17 -0.000816885
27 17 0.004027869
28 17 -0.000008941
29 17 -0.000799405
30 17 -0.000066257
31 17 0.028058572
32 17 -0.000016034
33 17 0.000911509
34 17 0.000004544
35 17 -0.000592635
36 17 -0.000041630
37 17 0.022552366
38 17 -0.001150138
39 17 0.000654009
40 17 -0.000030006
41 17 -0.000507253
42 17 -0.000045998
43 17 0.035174692
44 17 -0.000145031
45 17 0.007904001
46 17 0.000091010
47 17 -0.001517519
48 17 -0.000113853
49 17 0.013468691
50 17 -0.001560334
51 17 -0.000342049
52 17 -0.000062268
53 17 -0.000399299
54 17 -0.000021409
55 17 0.006712317
56 17 0.000119038
57 17 0.000917195
58 17 0.000004478
59 17 -0.000127149
60 17 -0.000011873
61 17 0.002717999
62 17 -0.000298868
63 17 0.000323427
64 17 -0.000006882
65 17 -0.000060119
66 17 -0.000005582
67 17 0.001889737
68 17 -0.000497924
69 17 0.000161713
70 17 -0.000012939
71 17 -0.000050869
72 17 -0.000005901
73 17 0.002773081
74 17 -0.001476285
75 17 0.000219942
76 17 -0.000037917
77 17 -0.000074867
78 17 -0.000012425
79 17 0.003820137
80 17 -0.001107997
81 17 0.000584851
82 17 -0.000029898
83 17 -0.000113106
84 17 -0.000013618
85 17 0.003572968
86 17 0.000827714
87 17 0.000818477
88 17 0.000026854
89 17 -0.000113291
90 17 -0.000004359
91 17 0.001864505
92 17 0.000207377
93 17 0.000578562
94 17 0.000007098
95 17 -0.000063547
96 17 -0.000002856
97 17 0.001895888
98 17 0.000380648
99 17 0.000662844
100 17 0.000013256
101 17 -0.000071800
102 17 -0.000001061
103 17 0.001987368
104 17 0.000415653
105 17 0.000770236
106 17 0.000015968
107 17 -0.000084616
108 17 -0.000000792
109 17 0.000704240
110 17 0.000961699
111 17 0.000298223
112 17 0.000039499
113 17 -0.000028804
114 17 0.000002964
115 17 0.000496011
116 17 0.000382261
117 17 0.000181126
118 17 0.000013713
119 17 -0.000018144
120 17 0.000000738
1 18 0.000920706
2 18 -0.023253256
3 18 0.000234296
4 18 -0.000966042
5 18 0.000043482
6 18 -0.000329394
7 18 -0.004428857
8 18 -0.048739494
9 18 -0.000460214
10 18 -0.002475112
11 18 0.000451532
12 18 -0.001035083
13 18 -0.021219195
14 18 0.088142286
15 18 -0.000945022
16 18 0.003532075
17 18 0.000303976
18 18 0.001506380
19 18 0.001976696
20 18 -0.013612404
21 18 -0.000114922
22 18 -0.000488667
23 18 -0.000024559
24 18 -0.000171915
25 18 0.002141013
26 18 -0.004077368
27 18 -0.000033262
28 18 -0.000096134
29 18 -0.000053079
30 18 -0.000042860
31 18 0.001530932
32 18 -0.000845088
33 18 0.000017829
34 18 -0.000001239
35 18 -0.000036009
36 18 -0.000012144
37 18 0.001422031
38 18 -0.001117989
39 18 -0.000032572
40 18 -0.000013731
41 18 -0.000037002
42 18 -0.000011180
43 18 0.001734009
44 18 -0.001790489
45 18 0.000231427
46 18 -0.000063302
47 18 -0.000076467
48 18 -0.000052303
49 18 0.000483714
50 18 -0.001037381
51 18 -0.000043798
52 18 -0.000031181
53 18 -0.000013321
54 18 0.000002953
55 18 0.000424132
56 18 -0.000608786
57 18 -0.000004084
58 18 -0.000010872
59 18 -0.000007834
60 18 -0.000002574
61 18 0.000141295
62 18 -0.000279257
63 18 -0.000003826
64 18 -0.000005853
65 18 -0.000003133
66 18 -0.000001036
67 18 0.000104260
68 18 -0.000195886
69 18 -0.000005704
70 18 -0.000005236
71 18 -0.000002760
72 18 -0.000000889
73 18 0.000208010
74 18 -0.000484917
75 18 -0.000016420
76 18 -0.000012607
77 18 -0.000005357
78 18 -0.000002479
79 18 0.000255855
80 18 -0.001028774
81 18 -0.000016413
82 18 -0.000028965
83 18 -0.000007122
84 18 -0.000007587
85 18 0.000127872
86 18 -0.000203320
87 18 0.000011225
88 18 -0.000006165
89 18 -0.000003902
90 18 -0.000001721
91 18 0.000050493
92 18 -0.000089336
93 18 0.000008060
94 18 -0.000002791
95 18 -0.000001610
96 18 -0.000001010
97 18 0.000000283
98 18 0.000082796
99 18 0.000003526
100 18 0.000002868
101 18 -0.000000062
102 18 0.000001023
103 18 -0.000022169
104 18 0.000188290
105 18 0.000002110
106 18 0.000007162
107 18 0.000000650
108 18 0.000003010
109 18 -0.000037140
110 18 -0.000064576
111 18 -0.000019506
112 18 -0.000002899
113 18 0.000001459
114 18 -0.000000207
115 18 -0.000021850
116 18 -0.000012041
117 18 -0.000007265
118 18 -0.000000440
119 18 0.000000793
120 18 0.000000008
1 19 -2.249266043
2 19 0.085500281
3 19 -0.232499198
4 19 0.002069700
5 19 0.044699571
6 19 0.001176566
7 19 -2.807615686
8 19 0.058895655
9 19 -0.330552620
10 19 0.001104512
11 19 0.059224436
12 19 0.001511263
13 19 -2.921377698
14 19 0.006114597
15 19 -0.354913472
16 19 -0.001210337
17 19 0.063307135
18 19 0.001976696
19 19 24.408037870
20 19 -0.341356237
21 19 2.425158609
22 19 -0.006905068
23 19 -0.475220606
24 19 -0.021300991
25 19 -2.653620895
26 19 0.144079042
27 19 -0.273676490
28 19 0.003077990
