# name: debug
# type: sparse matrix
# nnz: 14400
# rows: 120
# columns: 120

1 1 230.309821694
2 1 8.649207275
3 1 -12.073344000
4 1 0.346633057
5 1 -25.221911310
6 1 -3.448658089
7 1 -26.117612685
8 1 -2.359059248
9 1 4.004645293
10 1 -0.196752009
11 1 3.264950150
12 1 0.779037867
13 1 -20.406382967
14 1 -2.116018135
15 1 2.995874879
16 1 -0.205721395
17 1 2.698232909
18 1 0.548261979
19 1 -16.653539505
20 1 -0.244389783
21 1 2.540417893
22 1 0.051786762
23 1 2.337323616
24 1 0.287570592
25 1 -12.202803987
26 1 0.658155500
27 1 0.855555512
28 1 0.132474415
29 1 1.687766854
30 1 0.053434302
31 1 -8.110973510
32 1 1.369396217
33 1 0.059844082
34 1 0.278163024
35 1 1.174030271
36 1 -0.088766954
37 1 -6.267284732
38 1 0.696007907
39 1 -0.690921933
40 1 0.165667327
41 1 0.887621618
42 1 -0.063121475
43 1 -4.634311645
44 1 0.044148298
45 1 -0.889098397
46 1 0.030040437
47 1 0.651312010
48 1 -0.011526707
49 1 -3.949446239
50 1 0.095236538
51 1 -0.830935154
52 1 0.008270639
53 1 0.506478973
54 1 0.008035483
55 1 -3.072154991
56 1 -0.141001309
57 1 -0.797720966
58 1 -0.014284449
59 1 0.433235119
60 1 0.007749082
61 1 -2.456032370
62 1 -0.221031301
63 1 -0.537114986
64 1 -0.029793515
65 1 0.333589032
66 1 0.003110091
67 1 -2.216647418
68 1 -0.221295792
69 1 -0.305727228
70 1 -0.021640250
71 1 0.271269076
72 1 0.018918506
73 1 -1.821918130
74 1 -0.236074473
75 1 -0.239489978
76 1 -0.028459769
77 1 0.226482303
78 1 0.013373101
79 1 -1.731258692
80 1 -0.232059153
81 1 -0.235890314
82 1 -0.028665366
83 1 0.222691725
84 1 0.014363296
85 1 -1.511708175
86 1 -0.340496945
87 1 -0.220360383
88 1 -0.044991927
89 1 0.201322845
90 1 0.019375370
91 1 -1.448401820
92 1 -0.241308467
93 1 -0.190128622
94 1 -0.035263319
95 1 0.190843148
96 1 0.015552065
97 1 -0.961901203
98 1 -0.260995390
99 1 -0.119596818
100 1 -0.035937497
101 1 0.137191227
102 1 0.015945505
103 1 -0.996849016
104 1 -0.381622498
105 1 -0.139341915
106 1 -0.054548085
107 1 0.147552334
108 1 0.020886682
109 1 -0.844529683
110 1 -0.391477319
111 1 -0.163446527
112 1 -0.058007783
113 1 0.132926627
114 1 0.020115816
115 1 -0.659260922
116 1 -0.389463741
117 1 -0.108516631
118 1 -0.062106293
119 1 0.105909653
120 1 0.018227646
1 2 8.649207275
2 2 316.741358552
3 2 24.010460869
4 2 29.539118418
5 2 -0.263301759
6 2 -4.890329935
7 2 -2.291950863
8 2 -52.550587143
9 2 -3.063505787
10 2 -5.061952416
11 2 0.232784960
12 2 1.191927286
13 2 -1.237975909
14 2 -38.099792960
15 2 -2.647248086
16 2 -3.873263094
17 2 0.096501671
18 2 0.861381231
19 2 0.097958236
20 2 -24.590556073
21 2 -2.443640907
22 2 -2.636832155
23 2 -0.109518525
24 2 0.414391730
25 2 1.099986922
26 2 -14.786072449
27 2 -1.878831657
28 2 -1.684447364
29 2 -0.263814364
30 2 0.006053670
31 2 1.475650732
32 2 -8.703199664
33 2 -1.318343381
34 2 -1.046110455
35 2 -0.383397457
36 2 -0.152251111
37 2 0.689559278
38 2 -5.416191350
39 2 -0.729281485
40 2 -0.563609065
41 2 -0.193298085
42 2 -0.214001668
43 2 0.177494550
44 2 -3.740952992
45 2 -0.401170101
46 2 -0.451014158
47 2 -0.067928716
48 2 -0.044861062
49 2 0.140248630
50 2 -2.440940695
51 2 -0.199616385
52 2 -0.254272252
53 2 -0.011519041
54 2 -0.015094517
55 2 -0.089994288
56 2 -0.925502334
57 2 -0.186870437
58 2 -0.077383444
59 2 0.010625184
60 2 0.087608425
61 2 -0.187694896
62 2 -0.705926956
63 2 -0.125408253
64 2 -0.058377189
65 2 0.026094357
66 2 0.074309178
67 2 -0.192608138
68 2 -0.855976804
69 2 -0.118038844
70 2 -0.087275711
71 2 0.021311145
72 2 0.006004594
73 2 -0.175801765
74 2 -0.322986031
75 2 -0.070984775
76 2 -0.040314817
77 2 0.021178004
78 2 0.000503461
79 2 -0.113558065
80 2 -0.015395022
81 2 -0.058658585
82 2 -0.004013985
83 2 0.013714820
84 2 0.013250612
85 2 -0.198691355
86 2 0.123864559
87 2 -0.017445115
88 2 0.013469341
89 2 0.024867819
90 2 0.020915686
91 2 -0.177005280
92 2 0.210124946
93 2 -0.060046534
94 2 0.036051483
95 2 0.023495523
96 2 0.043540988
97 2 -0.197279486
98 2 0.204859493
99 2 0.004997771
100 2 0.024368345
101 2 0.026547251
102 2 0.018434501
103 2 -0.215184643
104 2 0.479794331
105 2 0.041915478
106 2 0.063091684
107 2 0.029982466
108 2 0.030598216
109 2 -0.318280057
110 2 0.564582897
111 2 0.059869086
112 2 0.077161397
113 2 0.047644780
114 2 0.050459046
115 2 -0.388755753
116 2 0.563033395
117 2 0.077537493
118 2 0.081162112
119 2 0.063616121
120 2 0.033069950
1 3 -12.073344000
2 3 24.010460869
3 3 48.484347616
4 3 2.946116282
5 3 2.621168304
6 3 -0.083331298
7 3 3.685868865
8 3 -2.151323559
9 3 -7.210387801
10 3 -0.308209389
11 3 -0.632967463
12 3 -0.060928817
13 3 2.501739566
14 3 -1.582252522
15 3 -6.339879296
16 3 -0.243044449
17 3 -0.500982647
18 3 -0.030279070
19 3 1.804820025
20 3 -1.800800845
21 3 -5.110248703
22 3 -0.282175451
23 3 -0.423767878
24 3 0.016338273
25 3 0.290945157
26 3 -1.585211360
27 3 -3.084447368
28 3 -0.234474422
29 3 -0.160695392
30 3 0.044547615
31 3 -0.350545885
32 3 -1.161092852
33 3 -1.568957229
34 3 -0.191662185
35 3 -0.067754481
36 3 0.053396761
37 3 -0.901218630
38 3 -0.702102059
39 3 -0.983594677
40 3 -0.113769438
41 3 0.067921928
42 3 0.031795518
43 3 -0.932455557
44 3 -0.388434884
45 3 -0.697516249
46 3 -0.059670466
47 3 0.132828855
48 3 0.013079845
49 3 -0.855603011
50 3 -0.222989868
51 3 -0.509067487
52 3 -0.025502897
53 3 0.143548361
54 3 -0.002380063
55 3 -0.767053858
56 3 -0.218133000
57 3 -0.460305468
58 3 -0.026390919
59 3 0.138875219
60 3 -0.002560640
61 3 -0.570482743
62 3 -0.157841300
63 3 -0.305397233
64 3 -0.019476368
65 3 0.098166281
66 3 0.000150492
67 3 -0.456960120
68 3 -0.156456798
69 3 -0.146874595
70 3 -0.016729432
71 3 0.060205282
72 3 -0.000746324
73 3 -0.379049151
74 3 -0.094407597
75 3 -0.114587957
76 3 -0.011297640
77 3 0.049620336
78 3 0.001284587
79 3 -0.368577331
80 3 -0.081145338
81 3 -0.115498622
82 3 -0.010067129
83 3 0.049991041
84 3 0.001593738
85 3 -0.333224734
86 3 -0.062651935
87 3 -0.098635381
88 3 -0.008106260
89 3 0.046229575
90 3 0.003210979
91 3 -0.323926874
92 3 -0.082251067
93 3 -0.105308976
94 3 -0.009034093
95 3 0.046974260
96 3 0.004308889
97 3 -0.210247462
98 3 -0.033374077
99 3 -0.050288787
100 3 -0.004514096
101 3 0.030745240
102 3 0.002609948
103 3 -0.222826064
104 3 -0.023913897
105 3 -0.051137204
106 3 -0.003017124
107 3 0.033727522
108 3 0.002896611
109 3 -0.224389016
110 3 -0.021423909
111 3 -0.051301984
112 3 -0.002591944
113 3 0.035984989
114 3 0.002833880
115 3 -0.182081696
116 3 -0.000764751
117 3 -0.020460009
118 3 0.000236848
119 3 0.028715854
120 3 0.003131201
1 4 0.346633057
2 4 29.539118418
3 4 2.946116282
4 4 3.107618619
5 4 0.057582977
6 4 -0.460994237
7 4 -0.202438532
8 4 -4.961583352
9 4 -0.375661231
10 4 -0.535355697
11 4 0.024812688
12 4 0.105189634
13 4 -0.108968314
14 4 -3.710071687
15 4 -0.327733362
16 4 -0.421899484
17 4 0.009574035
18 4 0.085459572
19 4 0.051315835
20 4 -2.457832160
21 4 -0.316439311
22 4 -0.292929700
23 4 -0.019798336
24 4 0.045817018
25 4 0.160082170
26 4 -1.501866353
27 4 -0.247438979
28 4 -0.193266843
29 4 -0.041267616
30 4 0.007454494
31 4 0.229929841
32 4 -0.885928571
33 4 -0.189066872
34 4 -0.125765425
35 4 -0.067389817
36 4 -0.009418289
37 4 0.103421910
38 4 -0.486771082
39 4 -0.097204497
40 4 -0.052616038
41 4 -0.033802978
42 4 -0.025679276
43 4 0.022725209
44 4 -0.350396077
45 4 -0.048758551
46 4 -0.051312295
47 4 -0.013870394
48 4 -0.000273785
49 4 0.009595294
50 4 -0.206095340
51 4 -0.019015196
52 4 -0.022332893
53 4 -0.000707991
54 4 -0.001433578
55 4 -0.009199101
56 4 -0.048483205
57 4 -0.018932542
58 4 -0.002629011
59 4 0.001217119
60 4 0.011860656
61 4 -0.021909643
62 4 -0.032125121
63 4 -0.012753533
64 4 -0.001413727
65 4 0.003243671
66 4 0.010070753
67 4 -0.015859344
68 4 -0.066806339
69 4 -0.009829253
70 4 -0.006730980
71 4 0.001682995
72 4 0.000826651
73 4 -0.016433031
74 4 -0.029085683
75 4 -0.006207585
76 4 -0.003679945
77 4 0.002005109
78 4 0.000000416
79 4 -0.011029315
80 4 -0.001854333
81 4 -0.005102571
82 4 -0.000396833
83 4 0.001359664
84 4 0.001279621
85 4 -0.019025660
86 4 0.011041131
87 4 -0.001549117
88 4 0.001297762
89 4 0.002421832
90 4 0.002143143
91 4 -0.018483592
92 4 0.027466236
93 4 -0.003546859
94 4 0.003962275
95 4 0.002361521
96 4 0.004482121
97 4 -0.017729858
98 4 0.016622696
99 4 0.000487532
100 4 0.001977891
101 4 0.002378875
102 4 0.001768831
103 4 -0.019155251
104 4 0.041172385
105 4 0.003700644
106 4 0.005442976
107 4 0.002663402
108 4 0.003002861
109 4 -0.027587009
110 4 0.050712147
111 4 0.005133466
112 4 0.006943725
113 4 0.004147774
114 4 0.004948711
115 4 -0.034093191
116 4 0.046259611
117 4 0.006623120
118 4 0.006704768
119 4 0.005629468
120 4 0.002886794
1 5 -25.221911310
2 5 -0.263301759
3 5 2.621168304
4 5 0.057582977
5 5 3.263416186
6 5 0.334937627
7 5 3.144638262
8 5 0.258703590
9 5 -0.641663237
10 5 0.025373014
11 5 -0.448522935
12 5 -0.087516043
13 5 2.488310807
14 5 0.233481363
15 5 -0.502174036
16 5 0.026019247
17 5 -0.376802661
18 5 -0.063677777
19 5 2.049722936
20 5 -0.035927533
21 5 -0.441358525
22 5 -0.016677018
23 5 -0.331420666
24 5 -0.029881263
25 5 1.421170476
26 5 -0.131945524
27 5 -0.173875316
28 5 -0.026971992
29 5 -0.232300853
30 5 -0.000669460
31 5 0.927988729
32 5 -0.239896729
33 5 -0.074762742
34 5 -0.054738565
35 5 -0.171670277
36 5 0.020495064
37 5 0.682093934
38 5 -0.126588604
39 5 0.056374373
40 5 -0.034755406
41 5 -0.124286537
42 5 0.015876179
43 5 0.496252130
44 5 -0.014351626
45 5 0.118020239
46 5 -0.009824005
47 5 -0.085288458
48 5 0.005170358
49 5 0.395153076
50 5 -0.003264212
51 5 0.120002391
52 5 -0.000142255
53 5 -0.056998599
54 5 -0.000442320
55 5 0.320648778
56 5 0.016325490
57 5 0.118195668
58 5 0.001758171
59 5 -0.051446636
60 5 -0.000191626
61 5 0.242009892
62 5 0.025387049
63 5 0.077299830
64 5 0.003617379
65 5 -0.037108657
66 5 0.000220944
67 5 0.198585308
68 5 0.019428012
69 5 0.034175729
70 5 0.001795051
71 5 -0.025523393
72 5 -0.001400204
73 5 0.161728337
74 5 0.021161663
75 5 0.025760516
76 5 0.002588906
77 5 -0.020829944
78 5 -0.001093015
79 5 0.154159506
80 5 0.020505735
81 5 0.025859244
82 5 0.002591584
83 5 -0.020619247
84 5 -0.001196239
85 5 0.134982169
86 5 0.029772219
87 5 0.023814441
88 5 0.004022683
89 5 -0.018715712
90 5 -0.001668719
91 5 0.124463183
92 5 0.022760174
93 5 0.023433075
94 5 0.003223828
95 5 -0.017609190
96 5 -0.001260441
97 5 0.085306190
98 5 0.022084848
99 5 0.012703267
100 5 0.003030042
101 5 -0.012474871
102 5 -0.001370337
103 5 0.088223450
104 5 0.031858660
105 5 0.014608998
106 5 0.004550923
107 5 -0.013408497
108 5 -0.001783925
109 5 0.076262015
110 5 0.032614638
111 5 0.016967194
112 5 0.004828525
113 5 -0.012366247
114 5 -0.001713879
115 5 0.058660636
116 5 0.032611307
117 5 0.009912570
118 5 0.005230931
119 5 -0.009482996
120 5 -0.001607974
1 6 -3.448658089
2 6 -4.890329935
3 6 -0.083331298
4 6 -0.460994237
5 6 0.334937627
6 6 0.971401433
7 6 0.683451962
8 6 1.096460624
9 6 -0.032249783
10 6 0.096282038
11 6 -0.074361849
12 6 -0.208887349
13 6 0.410861988
14 6 0.718957303
15 6 0.004335814
16 6 0.073440088
17 6 -0.045107162
18 6 -0.161971217
19 6 0.211127560
20 6 0.290183899
21 6 0.023403567
22 6 0.033492892
23 6 -0.021298992
24 6 -0.094611318
25 6 0.045591394
26 6 -0.047783115
27 6 0.041735690
28 6 0.001327289
29 6 0.001105953
30 6 -0.038025984
31 6 -0.031645230
32 6 -0.157566577
33 6 0.042728249
34 6 -0.011911304
35 6 0.015137565
36 6 -0.014394266
37 6 -0.003640950
38 6 -0.163752356
39 6 0.021584475
40 6 -0.021370416
41 6 0.007003051
42 6 -0.004313934
43 6 0.010266926
44 6 -0.057532187
45 6 0.008934457
46 6 -0.002996426
47 6 0.002035263
48 6 -0.003550109
49 6 0.014180683
50 6 -0.024890229
51 6 -0.001799137
52 6 -0.002712010
53 6 -0.001465497
54 6 -0.001714746
55 6 0.013455728
56 6 0.037426593
57 6 -0.001691738
58 6 0.006069665
59 6 -0.001381576
60 6 0.006370952
61 6 0.008907972
62 6 0.029457158
63 6 -0.000370916
64 6 0.004723452
65 6 -0.000963767
66 6 0.005587779
67 6 0.015270610
68 6 -0.006104045
69 6 -0.002209695
70 6 -0.000318579
71 6 -0.001630456
72 6 -0.000660685
73 6 0.009633418
74 6 -0.002099733
75 6 -0.000313343
76 6 -0.000246923
77 6 -0.001156023
78 6 -0.000515077
79 6 0.009588978
80 6 0.006486705
81 6 -0.000040843
82 6 0.000834089
83 6 -0.001220572
84 6 0.000041669
85 6 0.009589097
86 6 0.011539682
87 6 0.000993188
88 6 0.001493070
89 6 -0.001318472
90 6 0.000450262
91 6 0.007699606
92 6 0.019856209
93 6 0.000652647
94 6 0.002732142
95 6 -0.001000926
96 6 0.001511972
97 6 0.005949198
98 6 0.009919638
99 6 0.000594030
100 6 0.001329947
101 6 -0.000853256
102 6 0.000217986
103 6 0.007579223
104 6 0.018307525
105 6 0.001305511
106 6 0.002499977
107 6 -0.001125371
108 6 0.000759621
109 6 0.005650796
110 6 0.024591048
111 6 0.001100660
112 6 0.003420259
113 6 -0.000863666
114 6 0.001497882
115 6 0.002970490
116 6 0.018619861
117 6 0.001049088
118 6 0.002701848
119 6 -0.000530649
120 6 0.000417339
1 7 -26.117612685
2 7 -2.291950863
3 7 3.685868865
4 7 -0.202438532
5 7 3.144638262
6 7 0.683451962
7 7 226.481058656
8 7 8.263039804
9 7 -6.188789756
10 7 0.464085269
11 7 -24.711290874
12 7 -3.646271367
13 7 -22.518470537
14 7 -3.053404391
15 7 2.281278978
16 7 -0.277640111
17 7 2.911306622
18 7 0.707828724
19 7 -19.065685252
20 7 -1.746072885
21 7 1.888501653
22 7 -0.113575702
23 7 2.633230345
24 7 0.534586406
25 7 -14.293753278
26 7 -0.004717740
27 7 0.671037301
28 7 0.048836579
29 7 1.989635959
30 7 0.213055551
31 7 -10.918827467
32 7 0.612925179
33 7 -0.270155197
34 7 0.135469345
35 7 1.650098655
36 7 0.040225714
37 7 -8.075168309
38 7 0.642707649
39 7 -1.069798049
40 7 0.131468058
41 7 1.187296690
42 7 -0.007446774
43 7 -5.645935997
44 7 0.113304811
45 7 -1.135032109
46 7 0.028382536
47 7 0.803670214
48 7 0.012757862
49 7 -4.299011583
50 7 0.045352407
51 7 -1.087861805
52 7 0.002978623
53 7 0.560907557
54 7 0.017794816
55 7 -3.533690961
56 7 -0.064485661
57 7 -0.795495698
58 7 0.037562299
59 7 0.572549237
60 7 -0.026144050
61 7 -2.507817315
62 7 -0.124405596
63 7 -0.521533990
64 7 -0.016159968
65 7 0.331274354
66 7 0.001543572
67 7 -2.326000935
68 7 -0.126824789
69 7 -0.393859149
70 7 -0.008933148
71 7 0.292524114
72 7 0.011759045
73 7 -1.728356096
74 7 -0.122233128
75 7 -0.273044090
76 7 -0.015126350
77 7 0.219956849
78 7 0.008852580
79 7 -1.771918711
80 7 -0.157999580
81 7 -0.283312893
82 7 -0.020103704
83 7 0.232861317
84 7 0.011314961
85 7 -1.536492406
86 7 -0.268750378
87 7 -0.251009120
88 7 -0.036102296
89 7 0.206207859
90 7 0.017141207
91 7 -1.385006807
92 7 -0.243007203
93 7 -0.270187629
94 7 -0.031988437
95 7 0.193137907
96 7 0.011940437
97 7 -1.118326887
98 7 -0.240023585
99 7 -0.169580332
100 7 -0.032033148
101 7 0.157048465
102 7 0.014784208
103 7 -1.158858732
104 7 -0.350395802
105 7 -0.189865030
106 7 -0.048467724
107 7 0.168783781
108 7 0.019331752
109 7 -0.951146704
110 7 -0.350962175
111 7 -0.206825220
112 7 -0.050171921
113 7 0.149092798
114 7 0.018352160
115 7 -0.705646998
116 7 -0.357277273
117 7 -0.122364975
118 7 -0.055113567
119 7 0.110984258
120 7 0.016206375
1 8 -2.359059248
2 8 -52.550587143
3 8 -2.151323559
4 8 -4.961583352
5 8 0.258703590
6 8 1.096460624
7 8 8.263039804
8 8 303.647812105
9 8 24.249570246
10 8 28.838370475
11 8 -0.390111366
12 8 -3.760113938
13 8 -2.256468063
14 8 -50.568323267
15 8 -2.272185086
16 8 -4.998732896
17 8 0.221329610
18 8 0.875785841
19 8 -1.249830942
20 8 -37.727585744
21 8 -2.066132459
22 8 -3.972278518
23 8 0.086249938
24 8 0.644805423
25 8 0.278371040
26 8 -22.194562424
27 8 -1.565773985
28 8 -2.505562145
29 8 -0.109061655
30 8 0.126319233
31 8 0.602613151
32 8 -13.612870254
33 8 -1.006536178
34 8 -1.739051667
35 8 -0.169055800
36 8 0.006661567
37 8 0.651258260
38 8 -7.203369510
39 8 -0.593504170
40 8 -0.831029443
41 8 -0.147617179
42 8 -0.072083578
43 8 0.182444531
44 8 -4.834283114
45 8 -0.363568843
46 8 -0.586676142
47 8 -0.045676062
48 8 -0.035961675
49 8 0.088639759
50 8 -2.449779756
51 8 -0.210080000
52 8 -0.242194974
53 8 -0.006711105
54 8 0.028612916
55 8 -0.030247487
56 8 -1.233087951
57 8 -0.244301569
58 8 -0.112569086
59 8 -0.063668679
60 8 0.089618453
61 8 -0.098612602
62 8 -1.134080814
63 8 -0.101009877
64 8 -0.110809952
65 8 0.012882476
66 8 0.030741412
67 8 -0.112002203
68 8 -0.833284794
69 8 -0.112692058
70 8 -0.081527353
71 8 0.010136181
72 8 0.006514855
73 8 -0.071787723
74 8 -0.512138844
75 8 -0.063582455
76 8 -0.060378556
77 8 0.009436960
78 8 -0.006336347
79 8 -0.039952935
80 8 -0.130514509
81 8 -0.051238462
82 8 -0.015152754
83 8 0.005342649
84 8 0.009361963
85 8 -0.135092239
86 8 0.002362171
87 8 -0.017089193
88 8 -0.001015517
89 8 0.017259920
90 8 0.016333716
91 8 -0.162084666
92 8 0.380469993
93 8 -0.008904357
94 8 0.044633274
95 8 0.018854856
96 8 0.040156219
97 8 -0.169316032
98 8 0.298181384
99 8 0.003242059
100 8 0.033962166
101 8 0.021768565
102 8 0.022339344
103 8 -0.169751876
104 8 0.651182537
105 8 0.038519165
106 8 0.081767415
107 8 0.022416935
108 8 0.039219927
109 8 -0.270478918
110 8 0.701331442
111 8 0.047967576
112 8 0.093690603
113 8 0.039078189
114 8 0.061361432
115 8 -0.359927668
116 8 0.602683214
117 8 0.064311367
118 8 0.080377392
119 8 0.056789645
120 8 0.036317843
1 9 4.004645293
2 9 -3.063505787
3 9 -7.210387801
4 9 -0.375661231
5 9 -0.641663237
6 9 -0.032249783
7 9 -6.188789756
8 9 24.249570246
9 9 48.668693026
10 9 2.991663594
11 9 1.610712618
12 9 -0.073973903
13 9 2.026742124
14 9 -1.864570926
15 9 -6.634072254
16 9 -0.279765490
17 9 -0.439371987
18 9 -0.045744496
19 9 1.366378235
20 9 -1.926148225
21 9 -5.524630183
22 9 -0.298203621
23 9 -0.368193912
24 9 -0.014773267
25 9 0.145708075
26 9 -1.743191408
27 9 -3.472893942
28 9 -0.254643209
29 9 -0.150013858
30 9 0.022259497
31 9 -0.700180967
32 9 -1.259841833
33 9 -2.183204171
34 9 -0.199303093
35 9 -0.040375496
36 9 0.033479567
37 9 -1.263845547
38 9 -0.754019113
39 9 -1.408464960
40 9 -0.115366577
41 9 0.127898467
42 9 0.019678638
43 9 -1.194127551
44 9 -0.466894286
45 9 -0.942071854
46 9 -0.070023991
47 9 0.173926330
48 9 0.011214709
49 9 -1.082755379
50 9 -0.285753552
51 9 -0.670661838
52 9 -0.031458005
53 9 0.185158187
54 9 -0.002045807
55 9 -0.838425245
56 9 -0.288722622
57 9 -0.585820414
58 9 -0.049875376
59 9 0.116216466
60 9 0.012952653
61 9 -0.585702494
62 9 -0.160324172
63 9 -0.291487805
64 9 -0.019293213
65 9 0.093276833
66 9 0.000060410
67 9 -0.527714831
68 9 -0.158511635
69 9 -0.189600149
70 9 -0.017084912
71 9 0.070871257
72 9 -0.001464140
73 9 -0.385180699
74 9 -0.089750500
75 9 -0.135930456
76 9 -0.010625522
77 9 0.051861698
78 9 0.000034338
79 9 -0.399948566
80 9 -0.076271987
81 9 -0.139610716
82 9 -0.009398052
83 9 0.055480380
84 9 0.000840646
85 9 -0.358207125
86 9 -0.059607504
87 9 -0.117499910
88 9 -0.007745213
89 9 0.049919979
90 9 0.002858284
91 9 -0.358941559
92 9 -0.040227981
93 9 -0.120575011
94 9 -0.006032959
95 9 0.052384011
96 9 0.003900667
97 9 -0.269738653
98 9 -0.031280203
99 9 -0.072457541
100 9 -0.004329584
101 9 0.038333499
102 9 0.002799797
103 9 -0.283988441
104 9 -0.019180557
105 9 -0.074160086
106 9 -0.002537496
107 9 0.041755084
108 9 0.003222196
109 9 -0.270312644
110 9 -0.017781388
111 9 -0.072813870
112 9 -0.002228223
113 9 0.042680975
114 9 0.003242778
115 9 -0.206456553
116 9 0.003806115
117 9 -0.031206241
118 9 0.000475212
119 9 0.031215786
120 9 0.003734093
1 10 -0.196752009
2 10 -5.061952416
3 10 -0.308209389
4 10 -0.535355697
5 10 0.025373014
6 10 0.096282038
7 10 0.464085269
8 10 28.838370475
9 10 2.991663594
10 10 3.196068287
11 10 0.031790256
12 10 -0.388278998
13 10 -0.189019324
14 10 -4.904887785
15 10 -0.312300016
16 10 -0.542676859
17 10 0.019249964
18 10 0.074462310
19 10 -0.084251938
20 10 -3.817174505
21 10 -0.293564571
22 10 -0.446991067
23 10 0.001126813
24 10 0.061445702
25 10 0.062135144
26 10 -2.330011365
27 10 -0.222325870
28 10 -0.294770653
29 10 -0.022161032
30 10 0.018366488
31 10 0.097518715
32 10 -1.517272675
33 10 -0.151889838
34 10 -0.235596816
35 10 -0.032088925
36 10 0.022251228
37 10 0.087721631
38 10 -0.708338177
39 10 -0.083691909
40 10 -0.097221901
41 10 -0.025426978
42 10 0.000195410
43 10 0.014616685
44 10 -0.469165546
45 10 -0.046484425
46 10 -0.072214687
47 10 -0.008392405
48 10 0.004841724
49 10 0.003886403
50 10 -0.191154122
51 10 -0.020605748
52 10 -0.019464323
53 10 -0.000134697
54 10 0.005225080
55 10 0.009301820
56 10 -0.074197443
57 10 -0.035509568
58 10 -0.005653480
59 10 -0.015982733
60 10 0.012292892
61 10 -0.013374975
62 10 -0.080753930
63 10 -0.010925726
64 10 -0.007631691
65 10 0.001894560
66 10 0.004860948
67 10 -0.009059950
68 10 -0.064858582
69 10 -0.010047084
70 10 -0.006266782
71 10 0.000679758
72 10 0.000876609
73 10 -0.008067877
74 10 -0.045021947
75 10 -0.005740084
76 10 -0.005425786
77 10 0.001052711
78 10 -0.000598825
79 10 -0.005373093
80 10 -0.010510736
81 10 -0.004607131
82 10 -0.001251745
83 10 0.000707199
84 10 0.000980221
85 10 -0.014444586
86 10 0.000934480
87 10 -0.001618163
88 10 0.000067775
89 10 0.001869425
90 10 0.001771402
91 10 -0.016198140
92 10 0.035312768
93 10 -0.001195913
94 10 0.004286157
95 10 0.001930285
96 10 0.004300932
97 10 -0.015804315
98 10 0.023880154
99 10 0.000203004
100 10 0.002740476
101 10 0.002026024
102 10 0.002139679
103 10 -0.015763571
104 10 0.055250535
105 10 0.003299759
106 10 0.007035003
107 10 0.002075581
108 10 0.003822664
109 10 -0.023921113
110 10 0.063395936
111 10 0.004033564
112 10 0.008549262
113 10 0.003482269
114 10 0.006057732
115 10 -0.032247171
116 10 0.048585574
117 10 0.005439181
118 10 0.006537440
119 10 0.005165054
120 10 0.003175595
1 11 3.264950150
2 11 0.232784960
3 11 -0.632967463
4 11 0.024812688
5 11 -0.448522935
6 11 -0.074361849
7 11 -24.711290874
8 11 -0.390111366
9 11 1.610712618
10 11 0.031790256
11 11 3.390255221
12 11 0.363105680
13 11 2.795115729
14 11 0.322082324
15 11 -0.437574996
16 11 0.032463375
17 11 -0.418139928
18 11 -0.078085540
19 11 2.412038574
20 11 0.144061155
21 11 -0.382704433
22 11 0.004766793
23 11 -0.386340495
24 11 -0.056884483
25 11 1.742617044
26 11 -0.041237991
27 11 -0.167080857
28 11 -0.015205631
29 11 -0.286203549
30 11 -0.019836353
31 11 1.352288271
32 11 -0.119212779
33 11 -0.051241043
34 11 -0.029965243
35 11 -0.260901371
36 11 0.001148565
37 11 0.945533104
38 11 -0.102837160
39 11 0.114827887
40 11 -0.026921788
41 11 -0.176972600
42 11 0.007168197
43 11 0.630133457
44 11 -0.015954864
45 11 0.157775203
46 11 -0.008497960
47 11 -0.111835384
48 11 0.001617422
49 11 0.449450100
50 11 0.001342943
51 11 0.162223114
52 11 0.000290678
53 11 -0.067311179
54 11 -0.001314175
55 11 0.397481678
56 11 -0.009497842
57 11 0.107635392
58 11 -0.012187684
59 11 -0.082883342
60 11 0.008638642
61 11 0.250067014
62 11 0.015508963
63 11 0.071708736
64 11 0.002138338
65 11 -0.036458440
66 11 0.000189428
67 11 0.218854963
68 11 0.011398703
69 11 0.044864092
70 11 0.000632381
71 11 -0.028893085
72 11 -0.000750710
73 11 0.160485941
74 11 0.012426017
75 11 0.030458939
76 11 0.001546300
77 11 -0.021233465
78 11 -0.000699763
79 11 0.164715485
80 11 0.015104491
81 11 0.031839458
82 11 0.001951153
83 11 -0.022526946
84 11 -0.000949285
85 11 0.141695847
86 11 0.024465699
87 11 0.027729859
88 11 0.003360883
89 11 -0.019857516
90 11 -0.001520371
91 11 0.128544130
92 11 0.020951225
93 11 0.030183011
94 11 0.002833169
95 11 -0.018820268
96 11 -0.001054824
97 11 0.101229189
98 11 0.020307413
99 11 0.017791146
100 11 0.002699907
101 11 -0.014630093
102 11 -0.001297995
103 11 0.104674356
104 11 0.029170512
105 11 0.019834196
106 11 0.004037264
107 11 -0.015711706
108 11 -0.001697098
109 11 0.088324842
110 11 0.029133399
111 11 0.021810083
112 11 0.004163336
113 11 -0.014299614
114 11 -0.001614086
115 11 0.063783279
116 11 0.029806008
117 11 0.011233964
118 11 0.004657600
119 11 -0.010114108
120 11 -0.001499252
1 12 0.779037867
2 12 1.191927286
3 12 -0.060928817
4 12 0.105189634
5 12 -0.087516043
6 12 -0.208887349
7 12 -3.646271367
8 12 -3.760113938
9 12 -0.073973903
10 12 -0.388278998
11 12 0.363105680
12 12 1.019070198
13 12 0.628660012
14 12 0.794735283
15 12 -0.034653712
16 12 0.068458302
17 12 -0.068804910
18 12 -0.238288915
19 12 0.460061194
20 12 0.515188620
21 12 -0.018209273
22 12 0.048579715
23 12 -0.051909686
24 12 -0.184209273
25 12 0.196920167
26 12 0.034946386
27 12 0.012755576
28 12 0.008267738
29 12 -0.021471288
30 12 -0.092046378
31 12 0.076082844
32 12 -0.083986801
33 12 0.021470924
34 12 0.009571150
35 12 -0.007140161
36 12 -0.049737514
37 12 0.040170418
38 12 -0.103113794
39 12 0.015587642
40 12 -0.005106753
41 12 -0.001979160
42 12 -0.014083534
43 12 0.034645957
44 12 -0.068373280
45 12 0.009377564
46 12 -0.000928118
47 12 -0.003092138
48 12 -0.008909480
49 12 0.026473731
50 12 0.000953352
51 12 -0.000022005
52 12 0.001252971
53 12 -0.002881662
54 12 0.004039006
55 12 0.013614957
56 12 0.042034559
57 12 0.006251567
58 12 0.005770041
59 12 0.002750359
60 12 0.009188277
61 12 0.011787386
62 12 0.005105921
63 12 0.000860297
64 12 0.001539949
65 12 -0.001463374
66 12 0.002550077
67 12 0.015690636
68 12 -0.005976941
69 12 -0.001604509
70 12 -0.000270755
71 12 -0.001750144
72 12 -0.000755739
73 12 0.010317324
74 12 -0.008025111
75 12 -0.000197872
76 12 -0.000895046
77 12 -0.001265298
78 12 -0.000741827
79 12 0.011392143
80 12 0.003280156
81 12 0.000245866
82 12 0.000518545
83 12 -0.001480113
84 12 -0.000106785
85 12 0.011540284
86 12 0.008462158
87 12 0.001309956
88 12 0.001133830
89 12 -0.001602196
90 12 0.000307554
91 12 0.007694814
92 12 0.021380995
93 12 0.001753338
94 12 0.002821843
95 12 -0.001155182
96 12 0.001505529
97 12 0.007793883
98 12 0.013206169
99 12 0.000946904
100 12 0.001711747
101 12 -0.001119504
102 12 0.000317271
103 12 0.010030793
104 12 0.024510569
105 12 0.001743171
106 12 0.003253235
107 12 -0.001492820
108 12 0.001025239
109 12 0.007561344
110 12 0.031000522
111 12 0.001308863
112 12 0.004272891
113 12 -0.001181383
114 12 0.001896461
115 12 0.003740995
116 12 0.021487893
117 12 0.001273167
118 12 0.002961609
119 12 -0.000710125
120 12 0.000510484
1 13 -20.406382967
2 13 -1.237975909
3 13 2.501739566
4 13 -0.108968314
5 13 2.488310807
6 13 0.410861988
7 13 -22.518470537
8 13 -2.256468063
9 13 2.026742124
10 13 -0.189019324
11 13 2.795115729
12 13 0.628660012
13 13 249.749121958
14 13 6.773389146
15 13 0.421686693
16 13 0.291035591
17 13 -29.392666913
18 13 -3.836365653
19 13 -28.383851945
20 13 -4.347087294
21 13 2.585135903
22 13 -0.402200763
23 13 4.013806112
24 13 0.969411724
25 13 -21.873487538
26 13 -0.799368783
27 13 0.526338132
28 13 -0.055079610
29 13 3.148694339
30 13 0.444065473
31 13 -17.157805415
32 13 0.381168671
33 13 -0.421510846
34 13 0.099337763
35 13 2.558719388
36 13 0.157387263
37 13 -13.718220167
38 13 1.361104700
39 13 -1.391353999
40 13 0.273475276
41 13 2.116023016
42 13 0.020502660
43 13 -9.969724999
44 13 0.344170057
45 13 -1.387936335
46 13 0.056039856
47 13 1.504259768
48 13 0.029019547
49 13 -7.273872860
50 13 0.209453413
51 13 -1.881109062
52 13 0.049382900
53 13 1.040148608
54 13 -0.015565183
55 13 -6.002068529
56 13 -0.368403558
57 13 -1.724469196
58 13 0.008596627
59 13 1.021733497
60 13 -0.037737058
61 13 -4.430130463
62 13 -0.346237736
63 13 -1.023595415
64 13 -0.003748556
65 13 0.714989173
66 13 -0.036239731
67 13 -3.475839915
68 13 -0.218140417
69 13 -0.535189516
70 13 -0.016516557
71 13 0.449618212
72 13 0.008674602
73 13 -2.567687675
74 13 -0.165527768
75 13 -0.276796513
76 13 -0.014800858
77 13 0.347502707
78 13 -0.012142785
79 13 -2.336074614
80 13 -0.223429626
81 13 -0.354352459
82 13 -0.033123751
83 13 0.304603008
84 13 0.012291756
85 13 -1.966401988
86 13 -0.384339195
87 13 -0.331686189
88 13 -0.054654079
89 13 0.269874599
90 13 0.018938133
91 13 -1.680669298
92 13 -0.297265243
93 13 -0.354732065
94 13 -0.041498079
95 13 0.239555302
96 13 0.008430322
97 13 -1.351953918
98 13 -0.243914283
99 13 -0.187326145
100 13 -0.032276376
101 13 0.188298985
102 13 0.014945872
103 13 -1.400465364
104 13 -0.353224846
105 13 -0.208864172
106 13 -0.048528543
107 13 0.202326733
108 13 0.019249423
109 13 -1.195494648
110 13 -0.357010471
111 13 -0.228140817
112 13 -0.050633245
113 13 0.184406998
114 13 0.017621922
115 13 -0.887670774
116 13 -0.352959046
117 13 -0.141832225
118 13 -0.054078750
119 13 0.138945131
120 13 0.015918462
1 14 -2.116018135
2 14 -38.099792960
3 14 -1.582252522
4 14 -3.710071687
5 14 0.233481363
6 14 0.718957303
7 14 -3.053404391
8 14 -50.568323267
9 14 -1.864570926
10 14 -4.904887785
11 14 0.322082324
12 14 0.794735283
13 14 6.773389146
14 14 341.262746837
15 14 24.436850721
16 14 34.092052110
17 14 -0.185667805
18 14 -2.571475986
19 14 -3.871358513
20 14 -70.432979647
21 14 -2.043947881
22 14 -7.512695988
23 14 0.432168168
24 14 1.082377886
25 14 -0.345511725
26 14 -44.538479818
27 14 -1.637334621
28 14 -5.123197272
29 14 -0.004246661
30 14 0.016793487
31 14 0.387442852
32 14 -27.053781243
33 14 -1.018919898
34 14 -3.301268442
35 14 -0.116135514
36 14 -0.093176180
37 14 1.268006754
38 14 -14.914552517
39 14 -0.948219758
40 14 -1.751534552
41 14 -0.272977172
42 14 -0.169328951
43 14 0.566819907
44 14 -9.269992976
45 14 -0.702054322
46 14 -1.182634500
47 14 -0.106776959
48 14 -0.289717367
49 14 0.440710138
50 14 -5.033955310
51 14 -0.525646592
52 14 -0.586941345
53 14 -0.131258479
54 14 -0.057958172
55 14 -0.177741503
56 14 -1.753487122
57 14 -0.341253260
58 14 -0.161710603
59 14 -0.058475866
60 14 0.218285083
61 14 -0.221498948
62 14 -0.587230143
63 14 -0.194217466
64 14 0.072715404
65 14 -0.052185702
66 14 0.098109275
67 14 -0.183787501
68 14 -1.099978479
69 14 -0.164397199
70 14 -0.108743770
71 14 0.011937710
72 14 0.009596259
73 14 -0.148318386
74 14 -0.473562912
75 14 -0.103893486
76 14 -0.030114852
77 14 0.005293581
78 14 -0.072236164
79 14 -0.063977301
80 14 -0.326120998
81 14 -0.052586096
82 14 -0.036862440
83 14 0.011897673
84 14 0.008830469
85 14 -0.201706443
86 14 0.074938591
87 14 -0.000123612
88 14 0.012848355
89 14 0.026969839
90 14 0.025248851
91 14 -0.202720432
92 14 0.406339607
93 14 -0.010765975
94 14 0.050451764
95 14 0.023866003
96 14 0.061682413
97 14 -0.152519534
98 14 0.224715890
99 14 -0.006607688
100 14 0.024211884
101 14 0.019595542
102 14 0.021299206
103 14 -0.122119830
104 14 0.647446139
105 14 0.021858569
106 14 0.081340911
107 14 0.016096540
108 14 0.039061491
109 14 -0.227043368
110 14 0.786128053
111 14 0.025701594
112 14 0.105388029
113 14 0.033176802
114 14 0.061620639
115 14 -0.321039152
116 14 0.695125605
117 14 0.038664559
118 14 0.094628227
119 14 0.051530623
120 14 0.039581630
1 15 2.995874879
2 15 -2.647248086
3 15 -6.339879296
4 15 -0.327733362
5 15 -0.502174036
6 15 0.004335814
7 15 2.281278978
8 15 -2.272185086
9 15 -6.634072254
10 15 -0.312300016
11 15 -0.437574996
12 15 -0.034653712
13 15 0.421686693
14 15 24.436850721
15 15 57.778647176
16 15 3.205795795
17 15 1.006351705
18 15 -0.105367787
19 15 2.211052097
20 15 -2.316126341
21 15 -8.151943379
22 15 -0.352683425
23 15 -0.512453525
24 15 -0.081317868
25 15 0.057047250
26 15 -2.335666142
27 15 -5.606610308
28 15 -0.322614228
29 15 -0.128149294
30 15 -0.018559005
31 15 -0.904430196
32 15 -1.729728264
33 15 -3.654301674
34 15 -0.247800193
35 15 -0.008625643
36 15 0.007044350
37 15 -1.687893771
38 15 -1.454761327
39 15 -2.964226808
40 15 -0.210661015
41 15 0.182202834
42 15 0.021811092
43 15 -1.597285109
44 15 -0.943691819
45 15 -2.101326343
46 15 -0.137119283
47 15 0.208181611
48 15 0.018387750
49 15 -1.855763852
50 15 -0.594317361
51 15 -1.393290818
52 15 -0.084368930
53 15 0.303228115
54 15 0.011206791
55 15 -1.673548253
56 15 -0.465462235
57 15 -1.299391694
58 15 -0.079583923
59 15 0.263089622
60 15 0.016138303
61 15 -1.090848845
62 15 -0.261415738
63 15 -0.721895143
64 15 -0.044828443
65 15 0.155380509
66 15 0.010636968
67 15 -0.751226428
68 15 -0.238684110
69 15 -0.323452459
70 15 -0.028150195
71 15 0.094346581
72 15 0.001370416
73 15 -0.490672942
74 15 -0.145447890
75 15 -0.219741766
76 15 -0.021182970
77 15 0.054482096
78 15 0.009106926
79 15 -0.508965083
80 15 -0.090369703
81 15 -0.182747560
82 15 -0.011599952
83 15 0.071575616
84 15 0.001601012
85 15 -0.453231247
86 15 -0.057218617
87 15 -0.159511063
88 15 -0.007878929
89 15 0.065302634
90 15 0.004005634
91 15 -0.441064173
92 15 -0.044277488
93 15 -0.164157678
94 15 -0.007626320
95 15 0.067531558
96 15 0.006073305
97 15 -0.309395391
98 15 -0.040157073
99 15 -0.080666956
100 15 -0.005524857
101 15 0.043702144
102 15 0.002612871
103 15 -0.324621102
104 15 -0.027868458
105 15 -0.082749247
106 15 -0.003729515
107 15 0.047457390
108 15 0.002937520
109 15 -0.314704258
110 15 -0.024084535
111 15 -0.081432117
112 15 -0.003119482
113 15 0.049159687
114 15 0.002865007
115 15 -0.240911477
116 15 -0.001433096
117 15 -0.036627338
118 15 -0.000299826
119 15 0.036330869
120 15 0.003364212
1 16 -0.205721395
2 16 -3.873263094
3 16 -0.243044449
4 16 -0.421899484
5 16 0.026019247
6 16 0.073440088
7 16 -0.277640111
8 16 -4.998732896
9 16 -0.279765490
10 16 -0.542676859
11 16 0.032463375
12 16 0.068458302
13 16 0.291035591
14 16 34.092052110
15 16 3.205795795
16 16 4.015980698
17 16 0.078199274
18 16 -0.305311135
19 16 -0.355700360
20 16 -7.374899471
21 16 -0.317513171
22 16 -0.897988764
23 16 0.041156817
24 16 0.096895212
25 16 -0.004992207
26 16 -4.906938991
27 16 -0.245303475
28 16 -0.625188117
29 16 -0.010950788
30 16 0.003403285
31 16 0.071833012
32 16 -3.030978726
33 16 -0.158491784
34 16 -0.424850554
35 16 -0.025375611
36 16 0.012701397
37 16 0.189962699
38 16 -1.538763769
39 16 -0.136776457
40 16 -0.212836194
41 16 -0.048318048
42 16 -0.000760471
43 16 0.056324191
44 16 -0.979717080
45 16 -0.094525371
46 16 -0.157622219
47 16 -0.015201984
48 16 -0.015550798
49 16 0.062757043
50 16 -0.476070209
51 16 -0.074995636
52 16 -0.066997488
53 16 -0.021217287
54 16 -0.001222287
55 16 -0.006324225
56 16 -0.105128010
57 16 -0.054774641
58 16 -0.006339610
59 16 -0.017604073
60 16 0.027666520
61 16 -0.015597241
62 16 0.020799790
63 16 -0.033355723
64 16 0.035090928
65 16 -0.018164573
66 16 0.001696499
67 16 -0.015394818
68 16 -0.086647384
69 16 -0.017237963
70 16 -0.008486863
71 16 0.000369165
72 16 0.000979466
73 16 -0.015314445
74 16 -0.028983486
75 16 -0.012737501
76 16 -0.000242727
77 16 -0.000150204
78 16 -0.009392127
79 16 -0.011031715
80 16 -0.026825001
81 16 -0.004967094
82 16 -0.003068777
83 16 0.001737262
84 16 0.000998009
85 16 -0.022904841
86 16 0.011125077
87 16 -0.000531274
88 16 0.001839572
89 16 0.003157466
90 16 0.002879272
91 16 -0.022599996
92 16 0.043691210
93 16 -0.001915562
94 16 0.005571493
95 16 0.002802936
96 16 0.006943970
97 16 -0.014940465
98 16 0.017774992
99 16 -0.000699734
100 16 0.001899030
101 16 0.001909957
102 16 0.002082671
103 16 -0.012278286
104 16 0.055805601
105 16 0.001897108
106 16 0.007082746
107 16 0.001608095
108 16 0.003870487
109 16 -0.020992434
110 16 0.071394104
111 16 0.002182582
112 16 0.009629917
113 16 0.003084785
114 16 0.006176607
115 16 -0.029812734
116 16 0.057656271
117 16 0.003311849
118 16 0.007894295
119 16 0.004849591
120 16 0.003547188
1 17 2.698232909
2 17 0.096501671
3 17 -0.500982647
4 17 0.009574035
5 17 -0.376802661
6 17 -0.045107162
7 17 2.911306622
8 17 0.221329610
9 17 -0.439371987
10 17 0.019249964
11 17 -0.418139928
12 17 -0.068804910
13 17 -29.392666913
14 17 -0.185667805
15 17 1.006351705
16 17 0.078199274
17 17 4.396068509
18 17 0.395062872
19 17 3.830882836
20 17 0.485838007
21 17 -0.527634504
22 17 0.046846339
23 17 -0.634678010
24 17 -0.109932126
25 17 2.867938732
26 17 0.089738192
27 17 -0.144728016
28 17 0.002328497
29 17 -0.489566494
30 17 -0.047259657
31 17 2.210752029
32 17 -0.070262146
33 17 -0.027216769
34 17 -0.023522845
35 17 -0.407318311
36 17 -0.012394713
37 17 1.736181446
38 17 -0.223002359
39 17 0.171871345
40 17 -0.053864243
41 17 -0.341215171
42 17 0.009501226
43 17 1.195568198
44 17 -0.047811862
45 17 0.192561015
46 17 -0.012879220
47 17 -0.227134521
48 17 0.001038034
49 17 0.825071397
50 17 -0.036555019
51 17 0.283222804
52 17 -0.009012319
53 17 -0.145153807
54 17 0.006187133
55 17 0.726858408
56 17 0.019585910
57 17 0.256130823
58 17 -0.012155474
59 17 -0.161875733
60 17 0.013085372
61 17 0.489514637
62 17 0.027389937
63 17 0.146110075
64 17 -0.007455074
65 17 -0.105543308
66 17 0.010818028
67 17 0.337523102
68 17 0.017602568
69 17 0.059822584
70 17 0.000737308
71 17 -0.047171697
72 17 0.000133342
73 17 0.246223555
74 17 0.010840470
75 17 0.027854182
76 17 0.000165388
77 17 -0.036568880
78 17 0.002817483
79 17 0.219981969
80 17 0.023577519
81 17 0.042187201
82 17 0.003487861
83 17 -0.030246633
84 17 -0.001186428
85 17 0.187904886
86 17 0.036704793
87 17 0.038725989
88 17 0.005424373
89 17 -0.027115575
90 17 -0.001812102
91 17 0.161914879
92 17 0.027199147
93 17 0.042330472
94 17 0.003992021
95 17 -0.024425215
96 17 -0.000801973
97 17 0.124270771
98 17 0.021207061
99 17 0.019910588
100 17 0.002790499
101 17 -0.017766479
102 17 -0.001327507
103 17 0.128471870
104 17 0.030222053
105 17 0.022134806
106 17 0.004148069
107 17 -0.019076013
108 17 -0.001708143
109 17 0.112091736
110 17 0.030474452
111 17 0.024386355
112 17 0.004313213
113 17 -0.017805018
114 17 -0.001560277
115 17 0.081584050
116 17 0.030195339
117 17 0.013220030
118 17 0.004680844
119 17 -0.012865284
120 17 -0.001495901
1 18 0.548261979
2 18 0.861381231
3 18 -0.030279070
4 18 0.085459572
5 18 -0.063677777
6 18 -0.161971217
7 18 0.707828724
8 18 0.875785841
9 18 -0.045744496
10 18 0.074462310
11 18 -0.078085540
12 18 -0.238288915
13 18 -3.836365653
14 18 -2.571475986
15 18 -0.105367787
16 18 -0.305311135
17 18 0.395062872
18 18 1.395205681
19 18 0.905597640
20 18 0.974502637
21 18 -0.079438605
22 18 0.085160192
23 18 -0.107939021
24 18 -0.423835527
25 18 0.413642608
26 18 -0.080604209
27 18 -0.012847373
28 18 -0.006747009
29 18 -0.050998204
30 18 -0.252656470
31 18 0.187060440
32 18 -0.194771431
33 18 0.008660023
34 18 -0.000827687
35 18 -0.023922836
36 18 -0.122470254
37 18 0.105380151
38 18 -0.221699865
39 18 0.020489304
40 18 -0.011163523
41 18 -0.008911136
42 18 -0.035239011
43 18 0.072459595
44 18 -0.282017327
45 18 0.021814850
46 18 -0.018342708
47 18 -0.008632854
48 18 -0.025424847
49 18 0.021047899
50 18 -0.076644430
51 18 0.021167503
52 18 -0.005042925
53 18 0.002571654
54 18 -0.006037515
55 18 0.024818855
56 18 0.126164675
57 18 0.013634386
58 18 0.016150807
59 18 0.002041309
60 18 0.018411996
61 18 0.014595110
62 18 0.085338450
63 18 0.008187603
64 18 0.001774041
65 18 0.004486868
66 18 0.020834333
67 18 0.023020854
68 18 -0.004007775
69 18 0.000180716
70 18 -0.000209124
71 18 -0.002280155
72 18 -0.000081307
73 18 0.012781914
74 18 -0.029912762
75 18 0.003859510
76 18 -0.005016716
77 18 -0.000844727
78 18 0.002987383
79 18 0.014502418
80 18 0.001791909
81 18 0.001631281
82 18 0.000383998
83 18 -0.002034732
84 18 -0.000142789
85 18 0.014363767
86 18 0.014475524
87 18 0.002858653
88 18 0.002021718
89 18 -0.002162241
90 18 0.000934579
91 18 0.007863698
92 18 0.031668177
93 18 0.003482197
94 18 0.004340883
95 18 -0.001363345
96 18 0.002944018
97 18 0.009942473
98 18 0.012299795
99 18 0.000897911
100 18 0.001608907
101 18 -0.001411221
102 18 0.000185814
103 18 0.012906728
104 18 0.024968123
105 18 0.001585042
106 18 0.003341344
107 18 -0.001894476
108 18 0.000911185
109 18 0.010291893
110 18 0.033024322
111 18 0.001043624
112 18 0.004580905
113 18 -0.001578099
114 18 0.001804866
115 18 0.005951707
116 18 0.023860664
117 18 0.000839875
118 18 0.003354760
119 18 -0.001040490
120 18 0.000466830
1 19 -16.653539505
2 19 0.097958236
3 19 1.804820025
4 19 0.051315835
5 19 2.049722936
6 19 0.211127560
7 19 -19.065685252
8 19 -1.249830942
9 19 1.366378235
10 19 -0.084251938
11 19 2.412038574
12 19 0.460061194
13 19 -28.383851945
14 19 -3.871358513
15 19 2.211052097
16 19 -0.355700360
17 19 3.830882836
18 19 0.905597640
19 19 260.134755298
20 19 5.393005947
21 19 10.427057100
22 19 0.260682964
23 19 -32.310443875
24 19 -3.508512712
25 19 -28.794781249
26 19 -1.924862821
27 19 0.326735222
28 19 -0.163236690
29 19 4.075423776
30 19 0.744631210
31 19 -23.362287525
32 19 -0.552912821
33 19 -0.768946422
34 19 -0.047148977
35 19 3.463450875
36 19 0.362445602
37 19 -18.899221059
